4 9 14 15 
4 9 10 11 
4 15 20 23 21 
21 1 5 6 7 9 10 16 
4 12 16 17 24 25 26 
32 16 5 6 11 10 
7 10 12 13 19 
4 5 8 18 19 20 25 27 
4 24 25 26 28 33 35 34 
13 3 4 
16 6 9 10 13 
9 3 4 7 5 
2 11 12 13 
3 10 11 13 14 
7 10 14 27 17 20 21 22 23 24 
11 3 1 
29 28 
11 27 29 30 31 
4 7 8 9 
5 9 14 21 27 30 34 
22 6 10 11 19 
4 2 
5 7 8 9 10 14 
16 37 51 38 
3 7 9 14 18 19 21 26 
7 12 14 15 16 17 20 21 23 24 27 
6 20 7 9 10 11 16 
18 11 12 13 15 
2 3 4 6 7 9 
3 1 
4 1 
3 1 
3 13 16 22 24 25 29 
18 4 6 7 11 
3 1 
6 21 7 11 12 19 
6 16 17 18 19 22 
23 3 19 21 
14 8 5 6 
2 27 32 
26 1 12 17 19 22 21 
35 40 43 44 48 
7 10 12 13 15 16 
12 26 34 36 40 
1 11 20 22 34 36 40 41 
46 3 11 12 13 
31 12 21 24 27 28 29 
35 2 5 8 10 12 
4 15 17 20 24 
4 7 14 17 18 19 
3 7 10 15 13 
2 4 12 15 13 
2 4 12 15 13 
33 45 42 
8 10 11 12 13 16 17 18 
4 5 7 8 10 
4 8 10 11 15 
13 27 28 30 31 36 
31 15 2 3 5 
14 22 30 
10 14 
4 22 28 31 33 35 39 
17 29 31 33 35 
9 12 14 16 17 19 24 28 
3 21 19 
10 8 
15 4 
16 6 9 10 13 
15 18 21 22 26 
10 11 12 13 16 14 
8 9 10 11 14 12 
29 12 6 4 
3 17 18 19 
11 3 1 
11 3 1 
5 7 15 16 18 19 27 
5 7 8 9 10 14 
9 5 7 
20 3 5 9 10 11 13 14 18 
11 7 9 
38 2 6 8 13 11 
17 6 9 10 15 
18 11 12 13 15 
7 10 16 18 19 23 
5 6 
6 16 18 19 22 24 25 26 29 
23 3 7 13 15 16 21 
8 13 26 15 20 21 22 
24 24 
13 30 34 36 38 39 
2 9 21 22 
5 9 
20 21 24 
10 12 13 14 17 18 19 20 21 23 24 26 
38 18 16 
22 3 5 11 12 14 19 
28 31 32 40 42 43 45 
7 14 16 17 24 
8 16 20 21 23 
8 16 
3 21 19 
7 8 10 19 12 
10 8 
3 16 14 
7 8 9 14 
6 7 
6 7 12 8 
11 14 16 17 18 
5 6 9 7 
16 3 6 8 13 9 
18 7 10 11 15 
13 15 29 
7 13 15 16 17 18 21 22 24 25 27 
18 3 6 10 
4 9 11 12 16 18 19 20 23 
4 1 
5 9 10 13 15 16 17 22 
9 11 14 15 18 20 21 22 25 26 
5 7 10 15 17 
4 4 
4 13 15 17 18 
4 11 13 15 20 16 
4 4 
4 13 15 17 22 18 
17 6 9 10 15 
3 7 15 16 19 17 
20 17 
11 7 8 9 
4 18 19 
9 10 12 18 21 22 
4 5 6 11 
2 4 9 10 11 
2 5 7 8 10 
15 3 6 8 
2 4 7 10 11 13 
3 6 8 10 
6 1 
10 21 24 34 32 
3 1 
2 4 8 9 11 12 
5 10 25 27 29 30 
25 39 40 41 42 49 
25 51 29 41 42 44 47 
3 16 20 21 26 34 35 37 39 41 
4 21 25 
12 3 6 8 
11 4 7 9 
7 12 13 14 17 
22 6 12 10 
2 6 9 18 20 
7 9 10 14 
7 12 15 16 24 20 
10 14 25 18 16 
3 6 9 12 16 18 
6 13 16 
2 3 7 10 
4 6 7 
4 7 12 18 19 20 
6 17 10 12 13 14 
18 3 6 10 
8 10 13 14 17 21 22 23 28 
5 10 11 13 16 
30 33 36 37 39 40 47 
25 4 6 17 11 9 
7 8 10 11 20 15 
2 5 7 9 10 14 11 
3 4 7 5 
4 6 13 16 17 21 22 
9 30 42 
5 14 19 21 22 26 27 29 39 32 
2 4 8 9 11 12 
5 32 9 14 20 21 23 24 28 
3 13 16 17 23 30 32 34 35 
3 26 
2 12 16 22 23 32 30 
13 2 7 11 
19 22 26 27 33 
10 28 26 
3 5 9 13 15 
3 1 
26 10 14 17 
5 8 11 12 13 22 
14 25 22 
5 7 17 18 
15 3 8 9 12 10 
7 13 18 19 20 79 76 
3 5 6 7 9 
3 6 12 16 17 
3 8 9 12 13 16 20 23 30 32 34 35 37 
2 4 9 10 12 14 34 17 19 22 20 
2 12 16 22 25 27 28 32 37 47 49 51 
2 12 3 
6 7 12 17 29 35 36 
3 12 13 
10 15 17 18 20 24 29 30 32 
11 25 33 35 37 
2 12 14 16 19 20 22 
12 13 14 16 
8 9 10 12 
3 7 9 
3 5 8 9 11 
40 2 3 30 31 35 34 
4 10 14 
3 13 6 7 11 
6 10 14 
10 14 18 
3 5 15 8 9 13 
3 7 9 10 14 
3 5 6 7 
2 3 5 9 
2 5 6 7 9 
17 18 20 22 
20 21 23 25 
15 1 3 4 6 
5 9 15 17 18 20 21 22 
11 15 22 20 17 
10 11 22 23 26 24 
8 9 12 
25 15 16 17 19 
9 10 11 13 
6 7 10 9 
2 16 20 25 28 29 30 31 32 
10 11 12 14 
13 17 21 
8 12 13 14 
21 18 
17 18 20 22 
20 21 23 25 
9 13 14 16 
7 13 15 17 
9 10 11 13 
8 9 11 
11 1 6 5 
17 18 19 21 
6 7 8 
11 22 24 25 26 28 
19 31 32 37 
24 1 3 4 5 7 
9 8 
20 21 23 25 
16 17 18 20 
17 18 19 21 
8 9 10 
16 17 18 20 
24 24 
36 4 6 15 23 24 28 27 
29 13 14 17 16 
20 21 22 24 
37 4 6 9 17 20 21 24 25 26 
15 9 
9 10 11 
5 9 10 11 13 
13 24 25 28 29 34 36 
10 12 15 20 18 
12 13 14 16 
4 5 8 12 11 
9 14 18 
16 17 18 20 
28 29 32 
20 21 24 
3 4 8 11 12 13 17 19 
31 12 4 5 8 
8 10 11 12 14 
8 9 11 13 
9 10 11 13 
14 15 17 19 
21 22 23 25 
16 17 18 20 
10 11 12 14 
4 14 15 19 
4 5 7 
20 21 23 25 
7 11 12 14 16 
9 13 14 16 
9 10 11 13 
17 18 19 21 
14 6 9 10 12 
17 18 19 21 
8 9 10 12 
16 17 18 20 
34 22 23 24 26 
11 12 13 
8 9 10 
25 25 
9 10 11 
6 21 22 
15 16 17 19 
15 16 18 20 
7 8 9 11 
25 2 8 9 11 12 15 16 17 19 23 22 
22 3 7 13 12 11 
20 21 23 25 
10 13 14 15 17 
9 10 11 13 
10 1 
28 11 15 16 20 17 
8 9 11 13 
17 18 20 22 
20 21 23 25 
4 11 12 14 16 
8 9 10 12 
17 18 19 21 
11 14 15 16 18 
31 32 33 35 
8 9 10 12 
9 2 4 
16 17 18 20 
9 1 5 6 7 
16 7 8 15 9 
21 22 23 25 
11 12 13 
8 9 10 
24 24 
28 7 8 10 15 
41 2 3 4 7 8 12 16 15 
7 11 14 16 21 22 23 28 27 
14 1 2 3 
4 5 6 8 
5 12 13 15 
1 37 
11 13 22 
12 24 38 39 41 
31 2 4 10 12 11 
4 10 12 18 20 
10 27 
2 3 11 13 19 33 22 26 27 29 31 
3 4 5 7 
12 19 20 
2 6 33 28 
3 4 6 
3 8 10 11 14 17 55 60 63 64 
25 5 15 8 10 11 12 
3 4 6 11 18 20 22 23 26 
13 3 7 8 9 11 
8 2 6 5 
6 7 8 
2 8 11 41 42 
8 10 23 15 17 19 
19 21 36 25 26 32 31 
3 9 12 21 16 18 
28 27 
3 5 12 23 27 29 32 33 34 37 
3 8 13 14 18 
8 9 10 11 12 19 
35 3 16 7 10 11 13 
38 39 
3 18 19 21 
14 23 26 
34 33 
2 27 31 
6 7 36 13 16 17 18 32 26 28 
5 9 14 15 16 19 
12 16 20 21 22 27 28 32 
6 9 13 14 17 15 
18 19 20 23 27 
4 5 7 10 
15 28 29 33 
5 15 16 18 19 20 
7 8 9 12 
6 13 14 18 15 
26 25 
15 14 
11 12 16 
35 12 14 17 18 20 21 23 
2 6 4 3 
36 37 
15 8 9 14 11 
39 38 
25 32 33 34 
7 9 11 13 14 15 16 17 19 
6 22 25 27 33 29 30 31 
5 6 7 10 12 13 14 15 18 16 
13 16 18 
5 7 9 11 12 15 18 21 20 19 
5 10 6 
11 13 16 15 
12 30 35 33 
29 31 32 37 40 38 
3 5 10 12 
2 21 20 
3 5 9 10 17 19 
25 4 8 13 18 19 22 
5 7 11 12 13 15 
3 29 30 
4 12 19 18 
10 16 
2 3 9 14 
5 14 9 12 
5 20 21 22 23 25 26 27 
3 4 7 8 12 9 
11 18 23 26 25 
3 8 16 
31 28 27 
10 12 15 16 18 
16 17 18 
12 18 21 22 23 26 27 30 28 
1 5 6 
3 5 8 11 
7 9 11 12 13 14 15 17 
10 25 
11 13 
3 5 7 8 11 12 16 19 
4 10 13 17 18 19 
5 16 18 19 20 22 24 33 34 35 38 39 41 
8 11 13 27 
2 5 8 7 
22 34 37 
15 2 13 
5 21 26 29 32 30 
16 2 5 6 9 10 14 
6 12 13 14 21 23 22 
4 6 10 11 18 16 
8 11 9 
3 9 14 15 16 20 19 
21 2 13 14 15 19 18 
5 14 15 16 19 20 28 29 31 34 
23 15 17 18 
24 4 11 
3 24 36 42 37 
10 9 
4 5 7 11 20 25 26 28 
24 25 
7 6 
3 11 14 16 15 
26 28 30 
9 8 
24 23 
13 1 12 
2 9 14 
5 18 29 30 33 31 
12 13 14 16 17 18 
30 29 28 
2 20 21 26 
11 17 
23 24 
4 14 13 10 
7 8 12 
17 2 8 11 15 14 
7 9 
21 22 
6 10 8 
9 3 4 8 
2 5 3 
7 5 
12 14 13 
5 6 7 
18 21 26 
5 18 21 22 24 26 27 32 
21 26 32 28 
18 19 24 25 26 
41 40 
25 27 32 34 37 42 
6 8 11 12 
3 6 9 17 14 
16 17 18 
8 9 11 
9 12 13 15 
6 9 
4 11 14 
6 7 8 9 11 13 16 18 19 26 29 
1 9 19 22 25 26 27 28 
4 18 22 23 
9 7 
6 7 9 10 12 16 17 18 
12 3 5 10 8 
8 16 20 22 23 26 28 
3 7 11 9 
11 12 15 16 17 19 
3 5 9 10 12 
20 3 4 5 10 16 19 18 
19 8 14 15 
9 17 21 22 
2 5 7 9 16 19 18 
7 8 22 10 15 16 21 
37 36 
3 10 13 14 16 20 21 22 24 
10 12 13 14 16 
3 13 14 19 18 
6 7 9 11 12 14 
6 16 21 22 27 26 
7 11 12 13 14 24 25 26 30 27 
1 4 45 51 53 
25 27 26 
10 21 15 13 
5 15 19 20 21 
25 31 33 
3 12 31 32 33 
17 1 5 9 11 12 13 
7 9 10 13 14 15 
7 12 13 16 18 19 22 20 
15 27 36 38 39 40 
5 6 7 12 
4 6 9 10 11 14 18 17 
5 7 13 
28 4 6 10 16 17 20 19 
9 1 2 8 7 
34 35 
25 29 
33 32 
3 16 17 20 
27 28 31 35 38 
2 11 15 16 18 23 
12 17 18 20 24 25 26 27 29 
15 32 33 34 
30 1 4 15 23 25 
2 3 12 13 16 18 19 
25 28 31 32 35 34 
3 8 13 
32 3 5 9 10 14 
6 26 28 27 
2 17 18 19 33 
36 1 2 4 14 8 9 13 
3 4 5 6 7 15 
23 28 
4 6 10 9 
1 4 6 
5 5 
20 23 24 32 26 27 30 29 
2 5 10 12 13 15 
33 34 
2 9 13 16 
14 16 22 21 
24 31 34 39 40 42 43 45 44 
2 7 8 24 26 27 31 30 
4 9 10 11 16 17 21 18 
2 9 12 14 15 
7 9 13 16 17 21 
17 6 9 15 13 
4 19 21 22 24 
20 26 31 
25 28 32 33 34 36 
4 5 31 30 
4 9 14 20 26 28 
2 22 23 24 27 31 
3 4 6 7 8 10 21 22 27 28 30 31 32 
3 25 10 11 13 18 16 
8 11 15 16 29 31 30 
2 13 4 6 8 7 
2 3 17 24 49 
12 17 21 22 23 24 28 
3 8 11 14 
9 15 16 18 19 20 
3 8 10 11 15 
20 5 10 12 17 18 
14 36 
24 23 
35 36 
3 9 10 11 
21 22 
2 15 19 
18 20 21 28 23 24 27 
17 21 
2 19 22 24 29 33 34 36 
37 36 
9 13 17 20 24 25 26 
2 5 10 15 13 
29 28 
4 45 46 
3 4 6 8 13 15 24 21 
17 24 35 36 39 41 
2 24 25 27 
2 11 12 13 17 15 
7 10 14 
11 20 26 31 34 38 39 40 41 
6 7 9 13 11 
4 6 8 9 
15 25 28 
3 6 8 
15 18 19 22 23 24 
30 29 
42 44 47 48 51 
4 7 8 9 15 14 
6 29 
7 9 16 18 19 23 24 27 25 
8 2 6 4 
3 6 8 9 10 11 22 23 
14 17 18 23 29 30 33 
10 12 14 13 
8 3 6 
2 13 12 
2 4 7 8 13 14 
7 23 25 
2 5 8 9 13 24 
2 7 11 25 26 27 
40 41 43 44 46 50 49 
26 27 
24 26 
3 4 8 12 14 16 19 21 20 
9 18 10 14 
16 20 27 
12 13 15 19 22 23 
4 1 3 
4 9 29 42 43 44 
9 15 14 
7 16 46 40 41 44 
13 16 17 20 
15 21 22 23 25 27 28 32 30 
4 20 22 23 24 28 27 
5 15 28 34 36 38 39 42 40 
9 14 16 15 
4 7 10 25 29 31 34 36 37 38 
11 12 15 
3 14 18 23 28 29 32 33 36 35 
19 22 25 26 30 35 
5 20 25 27 28 
9 15 17 
21 20 
36 37 
19 2 5 6 12 
7 12 32 42 34 
2 11 12 15 18 21 22 23 26 27 28 29 31 
3 20 9 10 15 18 
5 11 18 26 28 29 32 33 36 
5 11 13 14 16 
17 5 9 12 11 
4 15 17 19 20 28 21 
6 72 81 83 
8 11 12 
11 14 16 17 19 
24 25 
22 5 7 17 18 19 
4 11 16 
10 20 24 27 25 
7 8 11 14 
2 5 19 20 21 25 26 27 
10 13 16 17 20 23 24 27 30 28 
47 26 34 
25 9 15 17 18 20 21 23 
17 19 27 28 32 
52 53 56 64 67 
17 19 23 26 30 33 
3 15 12 14 
7 14 15 16 17 19 
3 4 
8 15 16 19 18 
28 27 
51 52 
12 2 4 5 10 7 
3 4 
12 17 21 22 23 29 26 
15 19 20 
7 10 11 
4 23 25 27 
3 5 6 
14 16 42 22 28 40 36 
2 4 5 9 14 
12 14 15 17 21 22 
4 25 31 34 35 
6 12 13 14 
7 17 
10 15 18 20 23 25 26 28 
10 14 21 
8 12 
9 30 43 46 
10 16 17 18 22 
30 29 
12 17 15 
5 10 18 19 20 21 23 
21 20 
37 40 44 48 52 49 
6 9 10 11 13 16 
19 20 
2 7 12 13 14 16 
3 4 6 7 10 13 14 18 15 
2 13 17 21 
3 7 9 13 
6 13 
2 5 13 15 19 20 22 28 30 31 34 37 
15 5 7 11 12 14 
23 24 
25 26 27 
2 19 21 23 24 27 25 
41 40 38 
10 2 3 4 8 
3 15 
2 17 12 
24 27 
2 8 11 19 17 
5 10 11 
4 17 16 
18 33 34 35 36 37 43 
27 30 
20 2 11 14 15 16 17 
2 6 10 14 19 
3 5 8 9 
10 24 26 25 
3 7 15 16 18 19 25 26 27 
19 20 23 22 
19 18 
4 13 16 17 18 19 22 25 26 27 28 31 34 
33 6 7 12 14 15 21 20 
8 24 25 
5 7 10 11 12 13 17 
12 16 17 
11 3 6 8 9 
27 21 2 8 5 7 
14 15 
4 7 17 19 21 26 35 33 
21 25 26 27 
18 19 25 31 32 
19 17 16 
36 37 
14 24 23 
2 9 10 11 15 17 42 44 43 
10 19 23 25 36 32 35 
14 19 21 23 24 27 
17 19 35 36 40 
7 11 23 24 25 
31 34 37 
3 24 27 29 31 34 
17 5 9 13 14 15 
12 16 18 23 26 27 
6 13 
7 26 20 21 25 
21 4 7 12 17 13 
8 20 21 27 28 31 36 34 
9 4 5 8 7 
6 12 18 22 
41 43 48 46 
16 18 19 20 31 37 32 33 34 
7 8 9 10 11 12 
32 28 29 31 
19 23 
37 36 
26 26 
3 9 11 12 13 
2 3 4 8 10 11 16 17 
21 22 
32 31 
21 29 34 
19 13 12 
4 6 19 22 23 25 26 27 28 
3 5 7 11 21 23 24 28 29 30 
2 11 15 16 22 26 27 
2 29 30 34 33 
32 8 1 2 6 
2 9 7 3 
3 8 12 50 55 61 70 76 82 86 87 88 
7 15 16 
