4 9 6 8 
4 9 6 8 
4 15 12 14 
21 20 
4 1 
32 16 5 6 11 12 14 
7 5 
4 3 
4 22 6 
13 3 2 
16 6 
9 12 14 15 23 19 
2 1 
3 10 
7 10 14 27 17 
11 3 7 
29 46 51 54 
11 14 
4 7 6 
5 9 14 21 27 23 25 
22 6 
4 5 7 
5 7 6 
16 1 
3 7 9 14 28 29 33 34 35 39 
7 12 14 15 16 17 20 
6 20 7 
18 19 21 22 26 
2 3 4 6 11 25 19 21 
3 11 13 14 19 20 21 24 
4 5 8 
3 4 7 
3 13 16 22 18 20 
18 21 25 22 
3 16 19 
6 21 7 
6 1 
23 29 31 34 
14 8 11 
2 27 6 
26 1 12 17 14 16 
35 40 
7 6 
12 26 34 30 32 
1 11 12 15 16 17 
46 3 1 
31 12 21 20 
35 2 5 4 3 
4 1 3 
4 7 14 10 
3 7 10 23 30 26 28 
2 4 3 
2 4 3 
33 33 
8 3 
4 1 
4 1 
13 2 
31 15 23 19 21 
14 2 3 
10 2 
4 22 28 26 
17 29 25 27 
9 12 14 16 17 19 24 
3 21 22 24 25 26 28 29 
10 19 21 
15 22 23 
16 6 
15 13 
10 1 
8 1 
29 12 6 10 
3 1 
11 3 7 
11 3 7 
5 7 10 13 
5 7 6 
9 10 13 
20 3 
11 15 17 
38 2 6 8 13 16 
17 6 
18 19 21 22 26 
7 10 16 12 14 
5 3 
6 16 18 19 22 
23 3 
8 1 
24 18 17 
13 30 34 31 33 
2 9 21 19 
5 9 7 
20 21 24 22 
10 9 
38 18 22 26 
22 3 
28 1 4 
7 6 
8 16 
8 9 11 10 
3 21 22 24 25 26 28 29 
7 8 10 19 20 23 
10 19 21 
3 16 19 20 23 
7 5 
6 5 
6 7 12 14 
11 14 13 
5 3 
16 3 6 8 13 
18 7 
13 13 
7 13 15 16 17 18 21 
18 3 
4 9 11 12 16 
4 12 11 
5 9 10 13 
9 11 14 15 18 
5 7 
4 3 2 1 
4 13 6 8 
4 11 6 
4 3 2 1 
4 13 6 8 
17 6 
3 1 
20 3 9 5 7 
11 14 16 17 22 26 
4 4 
9 10 12 18 21 22 23 28 
4 15 18 21 25 22 24 
2 1 
2 1 
15 3 
2 4 3 
3 18 23 22 
6 16 19 29 32 35 
10 21 24 34 37 40 
3 7 10 29 14 
2 4 3 
5 10 9 
25 4 
25 51 29 30 32 33 35 37 
3 16 20 21 26 25 
4 21 11 
12 3 
11 4 
7 12 10 
22 6 12 13 15 16 
2 6 9 18 17 
7 9 10 14 18 20 24 
7 12 15 16 24 26 
10 14 25 18 22 
3 6 9 
6 6 
2 1 
4 2 
4 7 6 
6 17 10 
18 3 
8 10 13 14 17 
5 10 8 
30 4 
25 4 6 17 11 14 
7 8 10 11 20 
2 5 3 
3 1 
4 6 
9 30 29 
5 14 19 21 22 26 
2 4 3 
5 32 9 14 20 16 18 
3 13 16 17 23 30 27 29 
3 26 21 22 25 24 
2 12 16 22 23 
13 2 7 
19 22 
10 36 
3 5 9 13 11 
3 4 7 
26 10 1 
5 8 11 
14 25 26 27 29 
5 7 17 12 
15 3 
7 13 18 19 20 79 66 67 72 69 
3 3 
3 6 12 9 11 
3 8 9 12 13 16 20 23 30 25 27 
2 4 9 10 12 14 34 39 40 45 41 43 
2 12 16 22 25 27 28 32 37 47 43 
2 1 
6 7 12 17 29 35 31 33 
3 12 8 10 
10 15 17 18 
11 25 33 27 29 
2 12 14 16 
12 2 7 
8 6 
3 7 9 13 14 16 18 
3 5 8 9 11 15 16 18 20 
40 2 3 30 20 26 
4 2 
3 2 
6 2 
10 6 
3 5 4 
3 2 
3 3 
2 3 
2 2 
17 13 14 
20 10 11 14 17 
15 13 
5 9 15 17 
11 15 22 23 25 
10 11 12 14 19 18 
8 6 
25 15 8 12 
9 6 7 
6 4 
2 42 40 
10 6 8 
13 2 
8 8 
21 18 1 9 
17 6 
20 9 
9 7 
7 2 4 
9 7 
8 6 
11 1 
17 6 12 14 
6 2 
11 9 
19 31 32 37 34 
24 1 3 
9 1 
20 9 
16 6 
17 13 14 
8 6 
16 6 12 13 
24 3 7 8 13 20 18 
36 4 6 15 23 24 28 30 32 
29 13 14 17 20 21 25 
20 16 17 
37 4 6 9 17 20 21 24 22 
15 9 13 11 
9 7 
5 9 7 
13 24 14 
10 10 
12 7 
4 5 8 
9 8 
16 6 13 
28 5 
20 10 11 14 17 
3 4 8 6 
31 12 4 5 8 11 
8 7 
8 6 
9 6 7 
14 3 
21 7 
16 6 12 13 
10 6 8 
4 14 5 
4 2 
20 9 
7 11 9 
9 7 
9 7 
17 6 12 14 
14 6 
17 6 14 
8 6 
16 13 
34 22 6 19 
11 9 
8 6 
25 3 7 8 13 21 19 
9 7 
6 21 10 
15 5 
15 5 
7 5 
25 2 8 9 11 12 15 16 17 19 
22 3 7 13 18 16 14 
20 10 11 14 17 
10 13 11 
9 6 7 
10 1 2 4 
28 11 15 16 20 
8 6 
17 6 
20 9 
4 11 9 
8 6 
17 6 12 14 
11 14 12 
31 3 4 5 12 13 20 
8 6 
9 2 
16 13 
9 1 
16 7 5 
21 6 11 12 14 18 
11 9 
8 6 
24 20 18 
28 29 31 36 34 
41 2 3 4 
7 11 14 16 21 22 
14 12 
4 2 
5 3 
1 10 2 
11 10 3 
12 24 22 
31 2 
4 3 2 
10 2 
2 3 
3 1 
12 10 
2 6 33 
3 4 6 12 10 
3 8 10 11 14 17 24 25 26 29 32 33 36 44 49 
25 5 15 8 
3 4 6 11 10 
13 3 
8 2 
6 4 
2 8 11 12 17 14 
8 10 23 13 
19 21 36 25 26 32 28 
3 9 12 21 16 
28 20 5 
3 5 4 
3 8 9 10 
8 5 
35 3 2 
38 5 3 
3 1 
14 3 
34 15 12 
2 1 
6 5 
5 4 
12 3 4 6 7 11 10 
6 2 1 
18 19 20 23 
4 5 7 6 
15 9 10 
5 4 
7 8 9 
6 3 
26 15 4 
15 4 5 8 11 
11 2 4 5 7 8 9 
35 12 2 
2 1 
36 6 7 
15 8 5 
39 5 15 17 18 22 28 29 
25 27 
7 2 4 6 
6 5 
5 6 7 
13 4 5 10 9 
5 2 
5 4 
11 3 2 
12 13 17 16 
29 5 15 17 18 19 
3 5 4 
2 1 
3 5 8 
25 4 1 
5 7 11 10 
3 29 12 8 6 
4 3 
10 2 5 8 7 
2 1 
5 4 
5 6 7 8 11 
3 4 7 
11 10 
3 8 7 4 
31 22 24 
10 6 
16 7 8 9 10 11 12 15 14 
12 1 
1 1 
3 5 8 
7 3 1 
10 2 
11 5 4 
3 5 7 8 11 9 
4 3 
5 16 12 11 
8 1 2 
2 1 
22 2 5 6 7 8 
15 2 3 5 
5 3 
16 2 
6 5 
4 6 
8 2 3 5 6 7 
3 9 14 10 
21 2 
5 4 
23 15 6 7 8 11 12 
24 4 6 
3 1 
10 1 3 6 4 
4 4 
24 4 7 15 13 10 
7 2 
3 1 
26 15 6 5 
9 1 3 6 5 
24 5 10 14 13 
13 1 
2 2 
5 18 17 
12 6 
30 4 2 
2 2 
11 7 4 
23 14 3 7 8 11 10 
4 3 
7 1 
17 2 
7 6 2 
21 4 3 
6 1 2 
9 3 4 8 6 
2 1 
7 5 3 
12 2 
5 4 
18 3 7 
5 18 17 
21 2 
18 4 5 8 
41 16 5 6 12 10 
25 27 32 34 36 
6 5 
3 6 9 
16 4 
8 1 
9 12 
6 4 
4 3 1 
6 1 
1 9 2 
4 1 
9 2 3 5 
6 2 3 5 
12 3 
8 2 6 
3 7 5 
11 10 7 6 
3 2 
20 3 4 5 6 
19 8 1 2 3 4 7 
9 4 1 
2 5 7 9 11 12 13 
7 3 
37 3 1 
3 10 9 
10 1 7 4 
3 13 5 6 7 10 
6 5 1 
6 5 3 
7 1 
1 4 5 8 12 17 30 31 
25 11 2 
10 3 9 6 
5 4 
25 8 3 
3 12 13 15 
17 1 
7 5 
7 1 
15 2 3 5 6 7 10 
5 6 7 
4 1 
5 4 
28 4 
9 1 2 8 3 
34 21 2 
25 4 1 
33 12 13 18 19 20 
3 5 6 7 9 10 11 
27 3 4 9 10 12 15 16 20 21 24 
2 1 
12 1 
15 1 
30 1 
2 3 6 8 7 
25 28 
3 5 7 6 
32 3 
6 26 16 
2 1 
36 1 
3 4 5 6 7 9 
23 4 7 12 13 16 
4 1 
1 4 3 
5 3 
20 3 
2 5 10 
33 3 
2 2 
14 1 3 4 7 
24 1 11 7 5 
2 1 
4 2 
2 1 
7 1 2 5 3 
17 6 3 
4 6 11 8 
20 6 
25 1 
4 5 31 7 8 10 11 12 14 20 17 
4 5 8 
2 3 5 
3 4 6 7 8 10 18 20 
3 25 10 11 13 18 14 
8 11 15 16 19 
2 1 
2 3 
12 11 2 3 9 5 
3 1 
9 5 6 7 
3 8 10 
20 5 4 
14 2 
24 4 8 
35 23 1 8 9 12 
3 2 1 
21 10 4 2 
2 1 
18 3 4 5 7 
17 18 
2 19 4 5 6 7 9 13 11 
37 13 11 
9 1 2 3 
2 1 
29 2 4 5 6 11 12 13 14 17 18 19 20 21 
4 1 
3 1 
17 3 
2 3 
2 1 
7 5 1 
11 10 
6 7 9 
4 6 5 
15 6 5 
3 2 
15 18 
30 23 5 9 10 16 
42 44 
4 3 2 
6 2 
7 1 2 
8 2 
3 1 
14 3 4 6 13 11 
10 9 8 
8 3 1 
2 1 
2 1 
7 9 8 
2 1 
2 7 6 3 
40 39 
26 3 6 10 12 15 23 
24 3 2 
3 4 8 12 9 10 11 
9 8 
16 15 
12 1 3 2 
4 1 
4 9 17 18 20 22 
9 3 2 
7 2 5 
13 4 7 8 
15 1 6 7 10 
4 20 18 17 
5 4 
9 2 3 
4 3 2 
11 5 6 8 
3 2 
19 22 
5 4 1 
9 5 
21 5 3 
36 21 3 18 6 7 9 
19 2 
7 1 2 3 
2 1 
3 20 9 10 15 11 
5 11 18 19 22 21 
5 3 2 
17 5 4 
4 15 8 
6 7 9 
8 9 10 
11 4 3 
24 19 
22 5 7 8 9 15 14 
4 3 2 
10 1 2 7 5 4 
7 3 1 
2 3 
10 8 
47 26 1 2 
25 2 3 4 
17 3 8 9 13 15 
52 4 5 6 10 11 20 15 
17 4 5 9 10 
3 4 8 
7 2 3 4 
3 1 
8 4 5 6 
28 10 4 5 7 
51 35 
12 2 
3 1 
12 4 5 
15 8 9 10 
7 6 
4 3 1 
3 2 
14 2 
2 4 5 8 7 
12 2 5 8 6 
4 3 
6 3 
7 1 
10 15 14 
10 2 3 6 
8 3 1 
9 1 2 4 5 6 
10 3 6 
30 24 16 18 19 21 
12 9 10 11 
5 3 1 
21 1 3 5 8 10 11 15 
37 36 
6 8 7 
19 6 15 9 10 13 
2 1 
3 2 
2 13 8 9 12 
3 2 
6 10 11 
2 1 
15 5 3 
23 14 3 7 8 11 10 
25 5 4 2 
2 1 
41 9 10 18 19 21 22 25 
10 2 1 
3 7 11 
2 2 
24 1 10 5 6 7 
2 1 
5 9 
4 17 8 11 
18 10 11 15 17 
27 26 
20 2 3 8 
2 1 
3 2 
10 2 1 
3 4 
19 18 
19 5 7 12 15 16 
4 6 11 
33 6 
8 2 3 4 5 
5 7 10 11 12 
12 1 
11 3 1 
27 21 2 
14 2 
4 7 17 15 14 
21 3 
18 1 3 8 9 10 
19 8 9 10 13 12 
36 35 
14 15 
2 1 
10 2 1 
14 2 
17 1 3 4 7 
7 11 23 22 21 
31 34 32 
3 24 22 21 
17 5 
12 3 1 
6 7 8 
7 8 12 
21 4 3 
8 3 1 
9 4 
6 1 2 
41 25 3 2 
16 2 3 4 
7 1 2 
32 1 4 7 
19 4 7 8 10 9 
37 5 16 23 24 
26 20 23 
3 5 8 6 
2 3 4 
21 4 6 8 10 14 15 16 
32 8 7 2 
21 1 4 5 
19 1 4 
4 6 5 
3 5 4 
2 1 
2 1 
32 8 1 2 6 3 
2 1 
3 8 12 50 55 61 62 65 66 67 
7 6 5 
