6 9 10 13 14 16 
5 8 10 
6 8 
4 5 7 
6 3 
5 11 
4 16 17 21 20 
4 6 7 
4 5 8 
4 15 16 21 
8 3 4 5 7 
4 5 6 
4 7 8 10 
5 6 9 
5 6 8 
5 7 9 11 
3 4 6 7 9 
6 8 15 
3 5 6 9 
2 12 14 15 17 18 19 21 22 24 
14 15 19 
3 5 6 10 
13 15 
7 8 9 10 12 
3 5 6 8 9 11 
5 6 8 
3 4 7 8 9 
3 4 7 8 
4 6 8 13 14 16 18 
7 2 3 5 
3 7 10 
2 7 8 
7 15 19 21 22 27 
2 5 6 12 14 
3 5 11 12 15 17 18 21 
4 6 11 13 
5 6 8 
4 5 6 
4 5 8 9 10 
2 3 4 5 6 8 9 12 
2 4 7 6 
4 5 9 
6 7 9 
7 8 9 
3 4 9 12 
2 3 
3 4 7 8 
17 18 20 
4 8 11 
2 14 12 
12 2 3 7 
6 4 
4 5 8 
2 4 10 11 12 
22 4 6 17 18 19 
6 8 9 10 
2 5 
2 3 5 6 9 10 13 
6 15 16 18 
6 9 
6 7 9 
3 26 23 25 
19 3 4 6 
7 8 10 
8 9 12 
18 23 26 30 36 44 62 64 67 71 
8 13 16 21 25 
4 7 
2 5 8 
5 10 11 15 
7 9 10 12 
6 7 10 11 13 
6 7 9 
9 10 13 
4 5 7 
10 2 3 4 6 
9 10 11 
3 6 7 10 
8 9 12 
4 5 6 7 
10 12 14 17 19 20 21 23 
5 6 8 9 11 
4 9 
2 3 5 6 7 
2 4 5 7 8 10 11 12 13 14 17 
6 13 16 19 20 22 
5 6 8 
6 7 11 
2 7 31 32 33 35 36 37 41 
5 6 9 
17 18 20 
8 2 3 5 
5 6 10 
3 4 5 8 
5 6 8 
7 14 18 
5 7 8 9 25 30 32 33 34 39 
5 8 11 12 14 
14 7 10 11 13 
3 9 10 12 
19 20 22 
2 5 7 
3 6 24 18 19 20 22 
3 7 
4 31 32 34 
3 19 13 14 17 
2 4 6 7 8 
15 20 
6 7 9 
9 10 12 
3 6 9 14 16 19 22 23 25 
8 9 12 
10 8 
5 2 
9 7 
3 7 
9 11 
3 5 7 8 9 
4 7 11 14 15 17 
3 4 6 7 8 
6 7 11 
17 3 4 7 8 12 13 14 
3 4 6 
11 12 13 
5 6 10 
9 12 13 
10 11 13 
3 5 8 
5 6 
5 6 8 
5 6 9 
8 2 3 5 
5 10 13 
4 5 7 
8 22 25 26 29 30 33 
9 3 4 5 
4 6 8 
10 2 3 5 
11 12 14 
4 9 11 12 13 
7 2 3 5 
5 36 41 44 
14 16 17 18 20 21 24 
8 9 12 
8 2 3 5 
19 1 2 10 11 13 14 16 17 18 
13 9 10 12 
4 6 8 
3 5 8 9 10 
11 12 13 15 
5 6 10 
7 8 9 
6 7 
2 6 9 
5 6 9 
3 4 5 
15 34 35 37 
4 2 
8 10 11 12 
5 6 10 
4 5 6 9 
19 4 9 10 11 12 13 
4 7 11 
3 6 
5 6 9 
6 7 9 
3 4 6 
4 5 8 
9 13 15 16 18 
6 7 10 
5 9 11 
2 20 22 
4 6 9 11 
10 4 
3 5 
3 8 9 11 12 14 
15 22 
4 6 7 
3 4 5 8 11 
4 7 
2 5 6 9 
15 2 3 5 6 8 
3 6 7 
3 6 7 
10 3 4 8 
6 3 4 5 
9 11 
3 4 6 
8 19 12 13 16 
3 10 
3 6 8 
2 15 16 19 20 23 
2 4 6 8 10 12 
16 19 22 
6 7 9 
2 8 4 5 7 
9 12 16 
21 3 5 6 8 9 10 12 
4 9 12 
9 11 13 
3 7 9 
4 5 10 
3 7 
6 10 14 17 16 
3 4 6 
12 13 15 16 17 20 
5 9 13 15 16 18 
12 15 
4 6 9 
6 7 8 
8 2 5 
6 7 11 
8 10 11 13 14 16 
11 9 
6 7 18 19 
11 5 6 7 
5 6 9 
3 6 
5 6 7 
8 11 12 
5 17 20 
3 5 6 8 
4 5 7 
4 5 11 
11 33 57 59 60 62 65 68 69 71 
21 22 26 
6 2 3 5 
3 11 14 17 
7 9 14 16 17 18 19 22 
15 16 18 
4 5 7 
7 9 
2 6 7 
4 13 15 
4 7 
4 14 17 
3 8 11 
3 5 
4 5 9 
4 5 8 
5 12 13 16 
6 8 9 11 
2 3 5 6 8 9 10 
3 5 6 8 
4 10 15 16 17 
6 7 9 
8 9 11 
7 8 11 
3 6 
3 4 6 
4 7 
2 3 5 
5 6 9 
3 6 
2 6 9 
4 5 7 13 14 17 
4 5 7 
9 10 13 
5 9 
3 6 8 
2 4 7 10 11 14 15 17 
3 8 9 16 18 19 22 
5 6 7 
5 6 10 11 13 
7 16 18 
4 10 
17 3 5 7 9 11 
4 5 7 
4 6 
5 6 8 
4 5 7 8 10 
3 5 6 9 15 
5 8 
3 5 
6 7 12 17 19 24 26 
13 14 15 19 21 22 23 
2 10 12 13 
3 4 7 
11 3 4 6 
2 5 8 
9 11 14 15 16 20 
4 7 8 
4 5 8 9 10 
14 15 21 17 
7 10 15 
10 1 2 6 
3 6 9 
8 12 13 
4 5 7 
2 6 14 17 18 21 
3 7 9 
3 4 7 
18 2 3 5 
4 5 7 
4 5 8 
3 5 
4 5 8 
4 5 7 
5 9 10 12 
5 6 8 
3 11 14 16 
3 4 7 
3 5 6 8 
3 5 6 9 
8 10 12 
3 4 6 8 10 11 12 14 
9 2 8 6 
3 4 6 
3 7 
11 1 4 6 8 
3 4 7 
26 27 29 
3 7 9 13 14 17 18 19 
3 10 11 15 
5 6 8 
3 7 9 
9 3 5 6 8 
7 8 11 
3 6 9 
11 1 2 3 4 5 
3 4 7 
3 5 
2 5 9 
2 4 6 7 9 
7 3 4 6 
4 17 19 
2 5 6 9 
5 6 8 10 
6 12 13 
6 19 13 14 16 
12 14 
8 10 21 23 
12 1 3 4 6 
11 12 14 
8 10 
3 5 
8 9 12 11 
8 11 13 15 17 18 20 21 23 
9 10 14 
6 8 9 12 
4 5 10 7 
2 6 8 9 10 
5 10 11 14 18 19 22 
7 21 22 24 
2 5 6 7 9 10 11 13 
3 6 9 10 12 
16 3 4 7 
4 5 6 
3 6 10 12 
6 7 9 
5 6 7 
3 8 
10 11 13 
3 15 18 19 20 23 
2 3 6 
4 5 
14 15 19 
20 1 2 5 8 
3 4 6 
3 7 
2 3 5 
11 13 
3 7 10 
9 5 6 8 
4 5 7 
9 10 13 16 
20 7 14 16 
4 6 
2 10 12 15 
10 11 13 14 16 
14 4 5 7 8 9 11 
6 7 9 10 13 14 23 25 
14 3 4 6 
5 6 7 12 15 16 17 
3 5 6 9 
9 3 4 5 7 
7 11 12 15 
5 7 10 28 
2 5 6 
3 5 
7 2 3 4 6 
3 4 5 
6 10 
3 18 21 24 29 31 
5 7 9 
3 5 
3 4 8 9 12 
4 5 9 
15 1 3 5 6 8 
4 5 7 
3 4 6 
15 17 
7 8 10 11 12 
4 6 9 
5 6 7 
6 8 13 10 11 12 
11 2 3 4 5 6 9 
11 9 
5 6 8 
1 4 5 10 12 15 19 20 25 
4 5 7 
4 20 23 
6 7 8 10 
5 23 14 16 17 18 
4 8 11 15 17 18 20 
9 3 4 7 
6 7 8 9 
6 7 12 
3 4 7 8 10 
4 5 8 
10 3 4 6 
3 6 9 
4 6 
3 4 7 
2 4 10 
4 8 11 
6 3 
6 14 17 20 
5 7 
8 10 11 12 
2 3 4 6 7 9 15 16 18 
5 7 
6 7 11 
5 6 7 
6 7 10 16 17 20 
10 22 25 
3 4 6 
3 6 8 
10 3 4 5 7 
3 5 6 7 10 
5 6 10 
4 5 8 9 12 11 
3 4 6 
5 8 
4 5 8 
3 5 6 
15 19 22 
5 6 7 
4 5 
7 2 3 5 
8 9 10 11 13 
8 7 
4 6 8 11 15 16 18 
5 7 10 
4 7 9 12 13 14 15 24 26 32 34 35 38 39 41 42 44 
17 3 6 7 9 10 12 
11 12 16 
17 9 10 12 
22 5 8 12 13 14 
13 10 11 12 
4 7 11 
3 8 
9 20 21 26 
8 9 11 
4 7 8 9 
9 11 
3 4 6 
11 12 14 15 16 18 
28 7 8 12 
3 4 6 
3 4 
13 2 5 7 
3 6 7 10 14 20 21 
3 5 6 8 
8 16 18 20 23 24 26 
3 5 6 7 8 9 10 12 13 15 
3 4 7 
8 3 
4 5 6 8 
6 9 10 14 
5 7 9 10 
12 3 4 5 7 
11 13 14 16 
6 7 12 11 
16 2 3 4 7 9 10 13 
4 8 9 12 13 15 
3 4 7 
9 4 5 6 8 
7 2 3 5 
4 7 
3 6 7 
3 8 9 10 11 12 14 16 
2 4 5 6 
3 6 
4 5 9 13 14 17 
3 6 8 
3 4 6 
3 7 8 11 12 13 
2 14 20 22 24 
4 13 17 18 21 
9 10 13 14 15 
3 4 6 
2 5 6 8 9 11 12 17 
7 3 
3 10 15 17 
3 6 10 
2 8 9 11 
2 6 7 10 
7 3 4 6 
5 6 7 9 15 
7 1 3 4 5 
5 6 7 
3 5 6 8 
9 10 11 14 
19 10 11 13 14 16 
3 4 5 10 12 13 16 
3 4 5 
10 11 17 18 22 
4 5 6 
6 7 11 
4 5 6 
30 3 5 8 11 12 13 
6 7 10 
15 17 
5 6 9 
6 18 20 
7 11 16 
5 6 8 12 13 15 
12 11 
19 2 3 5 6 7 10 
14 7 9 
27 21 22 24 
9 11 21 23 24 25 
12 5 6 9 
18 4 8 9 13 
4 13 14 
3 4 6 
7 8 10 11 12 13 14 16 
12 13 15 
4 7 9 
13 15 17 18 20 
5 6 8 
7 9 14 16 17 18 
4 6 8 
3 4 5 
6 8 10 
2 7 9 
6 7 9 
11 2 3 4 
5 6 9 
3 11 12 
3 6 
10 2 3 5 
6 4 
4 5 8 9 11 
11 16 18 19 20 22 23 24 
11 6 7 10 
13 2 8 9 11 
3 14 16 17 18 22 
8 8 
5 6 7 
3 4 6 
9 10 13 
4 5 7 
3 6 
3 6 9 10 12 
9 10 12 
9 2 3 5 
3 4 6 9 
6 8 14 
7 11 14 
3 4 7 
3 6 10 
11 12 14 
5 9 11 12 14 
3 18 19 21 22 24 
3 10 12 
3 5 8 
3 4 6 
11 2 3 4 5 7 
3 4 7 
9 10 13 17 18 20 
6 7 10 
7 8 9 
25 10 
1 6 9 10 
3 5 6 9 
8 9 11 
4 6 
3 6 
7 14 16 17 19 20 21 
5 9 10 11 12 14 
20 22 23 25 
3 6 12 
5 6 8 
12 2 4 6 7 9 
3 7 
4 5 12 
5 6 8 
5 7 9 10 14 
3 5 
7 8 10 
2 4 
8 4 5 7 
10 14 13 12 
14 2 3 5 
5 7 
5 2 3 4 
2 4 5 
4 5 9 
3 5 15 17 23 25 28 
7 8 10 14 15 18 
6 7 10 
5 6 9 
4 5 
7 8 10 
3 5 6 7 8 
4 5 7 8 10 
3 6 9 10 12 
3 4 5 
4 5 9 
3 4 5 
2 5 7 6 
4 6 8 9 11 
3 4 7 9 12 14 
3 6 
8 10 
5 6 8 
3 5 12 14 15 18 
3 4 7 6 
4 5 7 8 9 
7 8 9 11 18 19 21 22 23 26 
28 4 8 9 12 18 19 21 22 25 
7 8 9 10 20 
8 9 11 
5 7 
3 6 
4 17 23 
7 12 10 
11 12 16 15 
2 5 6 7 
4 5 7 
6 7 12 
16 3 8 7 
2 4 6 
3 5 12 8 9 11 
4 5 6 8 
4 6 8 
5 13 16 17 19 
6 5 
3 7 8 9 13 14 15 
5 9 12 
4 6 7 8 
3 4 5 6 
10 16 19 
6 7 10 
6 13 10 
10 13 
4 5 7 
2 5 8 
3 5 
7 10 11 15 13 
3 7 
6 2 3 4 
4 6 7 9 
2 6 7 8 
11 1 2 3 5 6 7 9 
10 11 14 
3 4 8 
6 7 10 
7 2 4 5 
3 4 6 
6 8 12 
4 7 8 12 
3 4 6 7 8 10 
3 4 6 
11 13 14 16 
2 6 
4 5 6 
5 6 7 
3 4 7 8 9 
4 18 19 21 
3 8 12 11 
3 4 6 7 9 10 11 14 
7 10 20 12 13 14 
5 7 9 10 11 
3 4 7 
5 11 14 15 16 
7 9 11 
5 9 10 15 18 19 21 
5 6 7 
2 11 12 15 
11 8 9 10 
4 5 7 
4 9 
4 7 
6 7 9 
2 4 5 
12 13 16 
6 7 8 
2 4 6 
3 6 7 9 
7 8 10 
29 21 22 24 
2 5 6 
2 4 10 12 13 14 18 19 21 22 23 25 
3 4 
3 6 
18 2 4 5 7 
4 5 8 
3 4 6 7 9 
4 17 20 22 
8 11 14 
12 4 6 8 
5 8 10 11 13 
4 5 
3 4 7 
3 8 
8 13 14 16 
6 10 
16 2 3 7 
11 7 8 
3 5 
3 4 6 
7 13 15 19 21 
3 6 
11 14 
6 7 8 10 12 13 15 
6 11 12 13 17 
9 10 15 
4 6 
4 6 10 
4 5 7 8 12 16 18 20 
8 2 3 5 
2 6 7 9 
5 6 8 
6 11 13 
7 2 3 5 
3 4 7 
4 5 8 9 11 12 14 
7 13 15 17 
4 7 9 
2 5 6 9 11 
10 5 6 8 
6 7 9 
4 5 7 
5 7 
7 13 14 16 17 19 
3 7 
8 2 3 4 6 
7 10 11 
2 4 5 6 
3 6 
15 3 6 7 9 10 12 
4 5 8 
10 11 13 
15 6 7 9 10 11 
4 5 8 
5 9 
4 5 6 
3 4 7 
14 15 18 
3 6 
3 5 7 
18 4 7 
9 10 12 
2 4 6 
14 17 
4 5 7 
4 2 
3 6 10 11 13 
2 4 5 7 
4 5 9 
6 2 3 5 
4 6 7 9 
2 7 10 15 18 22 
3 6 9 
11 15 17 
4 5 7 8 10 
6 8 12 
3 9 10 13 
4 5 6 
5 7 10 14 
9 10 12 
2 4 5 
3 5 15 16 18 
17 2 3 4 8 
5 8 9 10 
6 8 13 10 
5 6 8 9 11 
3 5 7 
9 3 4 5 7 
5 6 8 
2 5 7 
9 14 15 18 
7 8 11 12 16 
5 6 9 
4 5 7 
3 7 
5 6 9 
2 9 12 15 16 18 
7 2 4 6 
5 9 10 
5 6 9 
4 5 7 
5 6 9 
6 8 10 
3 4 6 
3 6 
3 5 6 9 
4 9 10 11 
3 5 
4 5 8 
12 3 5 6 8 
12 7 8 10 
12 13 14 
2 3 
3 6 12 
5 6 11 
4 5 7 
4 5 8 9 13 15 16 20 21 22 24 
4 7 10 
4 7 10 
3 6 
4 8 11 
5 10 6 7 9 
2 4 9 11 14 
4 5 7 
2 5 
8 9 11 
6 7 9 
3 10 11 13 16 17 19 
8 9 14 
6 9 8 
8 2 3 4 7 
6 7 9 10 12 13 15 16 18 
7 8 9 12 
2 4 8 9 11 15 16 18 
3 4 6 
3 4 6 
4 5 7 
4 5 6 
2 5 8 
5 6 7 17 18 20 
4 5 7 
12 13 16 
4 5 8 9 10 
6 8 9 12 
2 4 7 8 10 11 13 
5 6 9 
8 9 10 
4 23 24 26 
4 7 9 
11 13 14 16 
2 4 6 8 
10 5 7 
3 7 11 
5 6 7 
5 6 8 
6 7 8 
3 4 7 
11 2 3 4 5 6 7 
5 6 7 10 
4 7 12 
4 5 7 8 10 11 13 
8 9 10 
11 12 15 14 
4 12 6 7 10 
8 10 
3 5 8 
3 6 10 
2 4 5 7 8 11 
4 6 8 
6 8 13 
5 6 9 
5 9 11 
4 5 7 
4 7 8 11 10 
3 5 7 9 
3 6 
3 4 7 
3 13 15 17 
12 8 9 11 
11 3 4 6 
4 3 
30 13 14 15 
5 13 16 
3 7 8 13 12 
4 5 10 
6 8 10 
20 21 23 25 28 31 32 35 
3 5 
6 11 13 15 
4 5 7 
9 10 14 
4 5 8 11 12 14 
3 5 
4 5 8 
20 21 23 
4 5 9 
4 9 13 14 16 
5 2 3 4 
4 5 8 
7 9 10 13 
17 19 
3 5 6 8 
4 6 
5 6 7 
2 5 8 
3 4 6 
16 18 20 22 
4 5 7 
4 6 12 18 19 21 
4 5 8 
4 6 8 10 11 13 
5 6 7 11 12 13 15 
6 16 17 19 
4 5 7 
9 20 22 23 24 
3 5 6 
5 10 8 
5 7 
15 17 
7 8 10 
5 6 8 
4 5 7 
4 5 7 
11 13 14 15 17 18 19 
2 3 6 7 8 
3 4 8 
4 5 6 
4 9 13 14 19 
6 6 
7 2 3 5 
7 11 12 15 16 19 
3 4 7 
9 11 12 14 
7 8 11 
5 6 9 
4 6 15 18 
2 5 8 9 12 
7 12 13 15 16 17 
3 5 6 12 14 15 17 
9 11 
10 11 13 
11 3 4 5 8 
3 5 7 
6 7 9 10 12 
3 12 11 
2 11 12 
3 6 
4 5 8 
3 6 
3 10 11 12 13 15 17 18 
7 8 12 
3 5 
5 18 21 22 27 
28 11 3 4 5 8 9 10 
5 3 
3 4 7 
15 3 12 
12 13 16 19 20 21 23 
16 4 5 7 8 10 
3 5 7 
2 8 9 
19 1 3 4 6 
3 24 5 7 9 10 12 
3 4 9 
5 6 8 
3 6 10 11 12 
2 5 7 
4 5 7 10 12 13 14 16 
5 6 9 10 11 13 
4 6 
4 9 
2 4 5 7 
3 6 7 
6 7 
4 5 13 7 
22 2 3 4 8 
11 11 
8 9 11 
3 4 5 7 8 10 11 14 
7 2 3 5 
12 13 15 16 17 
6 7 8 
5 8 7 
4 19 13 14 15 17 
5 6 9 10 12 
15 1 2 6 7 8 10 
3 4 5 8 
4 6 8 
5 7 
4 6 7 
6 8 10 
4 5 7 
3 5 12 13 15 
2 4 5 8 
4 7 9 
2 6 9 
3 4 5 8 10 11 13 
5 6 8 
6 6 
3 13 15 
1 6 7 9 
2 3 6 8 9 12 
5 9 10 
3 5 8 
3 21 5 6 7 8 9 
4 7 9 
7 8 10 
7 8 11 10 
2 6 10 16 17 18 21 
3 7 9 11 13 14 15 
6 2 3 5 
3 4 7 8 11 
3 4 6 
4 5 8 
6 7 12 
6 2 
4 5 6 8 
3 5 13 11 
8 2 3 7 
5 14 17 18 19 
8 2 3 5 
3 6 8 
11 14 15 18 
3 5 7 
5 6 8 9 10 12 
5 2 3 4 
3 6 7 9 10 12 
4 7 
14 18 19 23 
5 6 11 12 14 17 
14 8 3 5 6 
13 8 
19 3 6 7 8 9 10 
26 2 3 5 
9 3 4 8 
4 12 13 15 16 17 
8 13 16 
4 5 7 
6 13 15 16 19 20 21 23 
5 6 8 
9 4 5 6 
9 1 2 4 5 6 8 
3 4 6 
3 6 
4 7 10 12 14 
14 4 5 9 
19 14 3 4 8 
3 5 
9 8 
20 2 3 5 6 7 10 
2 11 12 14 
3 9 
4 5 8 14 
7 8 10 
3 4 7 
4 5 8 
4 5 7 
5 7 
10 2 3 5 6 8 
2 5 6 7 
9 11 14 16 17 23 20 
4 5 6 
12 4 5 6 7 10 
4 5 
3 5 7 8 10 11 12 
4 6 
6 13 14 15 17 
2 9 14 16 17 18 20 22 
5 6 8 9 11 
7 2 
3 6 8 
4 5 8 9 11 
3 8 9 10 
5 6 8 
3 6 
3 4 7 
3 10 6 
2 6 9 
10 3 4 6 
6 9 14 
6 8 11 
3 7 
2 4 5 8 9 15 13 
5 7 9 
2 4 9 11 15 
4 8 11 14 
15 2 3 4 5 6 10 12 
3 7 10 12 
4 3 
4 5 7 
23 23 
3 5 
5 6 8 
4 8 9 11 
4 5 6 10 
4 5 9 
2 4 5 7 
3 6 7 8 
7 9 10 12 
7 8 10 
4 5 7 
3 5 6 8 
4 7 
13 16 
4 9 10 13 
6 7 8 10 
7 9 15 17 19 20 
6 10 
4 5 6 8 
9 3 4 7 
6 8 10 
4 7 
12 14 15 17 
3 14 15 17 
2 5 6 8 
5 13 14 15 
2 3 
3 7 
2 7 13 15 17 
6 7 9 
23 19 20 22 
3 5 7 
5 7 
3 6 
5 6 8 
7 25 26 29 
4 5 9 
3 5 7 
2 4 5 8 
7 8 9 13 
4 6 7 
4 5 6 
5 3 
4 7 10 
4 7 8 
3 4 9 5 
4 7 9 
4 5 14 6 7 9 10 12 
5 6 8 9 11 
7 11 13 
7 8 11 
7 8 10 
2 5 7 
2 4 6 10 
2 8 10 12 
4 6 8 9 11 
6 9 12 
21 5 8 12 
3 6 8 
4 8 10 
7 11 
4 8 
4 7 
8 9 11 
11 14 
4 18 19 23 26 27 29 
3 5 7 8 10 
4 7 9 
5 7 
3 5 
4 6 8 11 12 14 15 16 
3 6 
4 5 7 
3 4 6 
6 7 12 9 
3 4 7 
6 2 3 4 
5 6 8 
5 6 9 
3 5 
4 18 25 27 
8 10 11 13 
4 9 13 15 
6 7 11 
3 6 
6 10 13 
6 8 10 
14 16 25 28 
4 8 9 11 
5 6 8 
4 5 7 
3 5 
4 5 8 
3 5 
9 5 6 8 
4 5 8 
3 6 7 
4 5 8 9 12 
16 2 3 4 6 
2 4 7 9 10 14 
10 13 14 17 
6 7 11 
7 3 
4 6 
4 5 7 
2 6 9 
4 7 10 
8 9 13 
8 16 21 
8 10 13 
4 5 8 
7 8 10 
5 6 9 
9 3 4 6 
8 3 4 6 
3 7 10 
2 11 12 14 
7 8 9 
4 6 
6 7 10 
6 19 20 
3 5 
5 9 12 
4 5 7 
3 4 6 
2 6 7 9 
2 6 7 11 
3 4 6 
6 8 9 11 
2 6 7 
11 1 3 4 7 
4 5 8 
3 5 
12 14 18 
8 10 
4 6 
2 5 6 8 9 10 11 12 13 15 
17 19 
4 5 6 
5 11 13 
7 8 10 11 15 
2 3 8 6 
4 6 8 11 12 
20 3 4 6 
4 9 
3 4 6 9 10 
8 9 13 
4 5 7 
7 2 
13 2 
7 8 9 12 18 16 
4 5 6 
19 15 16 17 
3 6 
3 4 10 9 
18 4 5 11 
5 10 13 15 16 18 
4 5 7 
6 19 20 25 
4 5 7 
8 10 
7 8 11 
2 13 14 
8 9 10 12 
13 16 19 
4 13 17 18 19 
14 7 10 11 
5 6 8 
2 11 13 14 16 
3 4 6 7 9 
9 10 13 
5 6 8 
3 6 
3 10 9 
4 6 
26 27 28 31 
4 17 20 21 22 25 26 29 30 32 
12 13 15 
2 5 
3 6 8 
2 4 6 
10 5 6 9 
3 6 8 
9 11 12 13 
8 16 19 20 22 23 25 
4 18 20 21 22 
6 2 3 5 
3 6 8 
3 13 15 
4 6 10 11 14 
2 4 5 7 8 10 
5 6 7 9 10 12 13 15 
2 7 8 
10 11 13 14 17 
4 5 9 
17 2 3 5 6 10 
7 8 11 
7 10 12 
3 13 14 15 
6 9 8 
2 5 9 
6 2 3 4 
12 6 7 10 
6 9 11 
3 8 9 10 13 
3 4 6 
3 6 9 
3 4 5 6 8 
3 4 7 8 10 
6 7 11 
4 9 11 
4 6 7 9 
9 3 4 5 8 
4 7 
7 12 14 15 18 19 21 22 24 
3 4 10 6 
9 10 11 
4 5 8 
4 5 8 13 14 15 19 
6 15 
4 7 10 
4 5 7 8 9 11 12 15 16 18 
19 15 2 7 10 
5 15 17 35 36 39 
6 7 13 
16 6 3 4 5 
4 6 8 
3 6 7 8 9 11 12 13 
4 6 7 
5 6 9 
7 10 
3 12 16 18 19 21 22 23 
5 6 9 
4 6 8 9 10 
12 16 19 20 22 
3 6 
2 5 8 
12 14 16 
4 6 
11 12 14 
9 17 21 
6 2 3 5 
22 17 5 6 10 12 13 14 16 
3 7 8 11 12 13 16 
3 6 9 
11 6 7 9 
5 2 3 4 
3 15 7 8 9 10 11 14 
6 8 
5 6 8 
11 13 
9 11 14 
1 2 3 5 
3 5 
6 2 3 5 
20 20 
7 8 9 12 14 17 20 
9 28 15 
3 4 5 
21 3 4 5 
9 6 8 
6 7 9 
7 11 15 17 20 22 23 26 
11 3 4 7 8 10 
9 10 11 
4 5 8 
11 12 
3 5 
3 6 9 
7 10 12 
4 5 8 
6 7 9 10 12 
2 6 7 
3 6 
4 14 16 17 20 
9 2 3 6 
8 10 11 14 
2 3 
3 15 16 19 
8 9 10 13 
3 7 8 10 
4 5 6 
18 12 13 15 
2 5 7 
7 8 9 
5 11 13 14 17 18 20 
4 6 7 8 9 12 13 14 
19 2 3 4 
7 10 11 13 
1 7 9 
3 4 10 6 
8 2 3 4 6 
2 5 9 
3 4 7 
4 6 
14 4 5 7 
3 5 6 10 
9 10 12 13 16 20 
6 2 3 5 
3 5 7 
7 2 3 6 
7 2 3 5 
7 11 12 13 17 
4 5 7 
12 13 15 
5 6 8 
3 4 5 6 8 
6 7 9 
4 7 10 
4 7 8 10 11 12 15 
5 6 8 9 12 
3 8 9 11 
3 4 8 
4 5 8 
9 10 11 
5 6 8 
6 7 9 
7 5 
5 6 9 
4 5 7 
4 7 
8 20 22 25 31 32 35 
7 2 3 5 
20 7 8 11 
3 17 19 22 24 
9 4 5 7 
5 6 9 
3 5 8 
8 9 11 
13 32 15 16 17 19 21 
3 6 9 10 12 13 15 19 20 23 
4 7 16 
6 7 9 10 11 
6 2 3 5 
2 3 4 6 
11 12 
6 9 11 10 
12 13 17 
2 23 5 10 
5 6 7 12 
6 7 9 
11 13 
16 18 20 
3 7 8 10 
7 8 10 
3 5 6 8 
7 2 3 5 
5 6 8 
2 7 10 14 
4 6 
10 11 13 14 15 18 19 20 22 
11 2 3 5 
5 6 8 11 12 14 15 16 20 18 
4 6 14 7 8 10 
7 7 
4 5 6 
5 7 11 13 
4 5 8 
4 6 8 
5 11 13 15 
14 5 
3 8 10 24 28 30 34 35 37 
4 5 7 
6 15 17 20 
3 19 22 24 25 26 
7 8 9 
16 9 11 15 
2 6 9 12 
2 10 12 
9 12 13 14 16 17 20 
3 4 6 8 10 
9 10 12 
7 10 12 13 14 
5 2 3 4 
6 7 9 
8 10 13 
4 5 8 
2 25 27 28 29 
5 7 8 12 
4 5 9 11 13 14 15 18 
6 9 10 11 14 
6 9 11 16 23 19 21 22 
4 5 8 
6 2 3 5 
6 7 9 10 11 
5 8 
2 6 7 9 
8 9 15 
15 1 2 4 8 10 
2 3 6 
8 11 14 15 16 
5 6 7 8 11 
3 13 15 
3 2 
5 7 9 10 16 
3 5 7 
3 4 8 9 10 13 
8 9 12 
5 3 
15 18 
9 12 14 
2 5 
8 19 22 23 24 25 27 
3 4 5 
5 6 8 
3 4 6 
5 9 11 13 18 16 
11 16 53 56 60 61 64 
5 10 11 15 18 19 22 
2 9 11 13 
2 5 6 9 10 12 
4 6 8 9 10 
3 4 8 
4 5 7 8 10 
2 9 11 
7 15 19 
2 4 7 
19 2 3 4 7 8 12 
3 6 7 8 
4 5 7 12 13 15 
4 6 
5 12 
5 27 7 8 11 
4 5 6 
4 5 7 
3 8 11 13 
4 5 7 
2 6 5 
6 12 15 
5 10 
4 5 7 
2 5 7 8 10 
2 3 4 6 7 8 9 10 12 
5 7 9 
5 6 9 
2 14 15 16 17 19 
3 4 6 
5 8 
2 6 8 9 12 
4 13 14 17 
3 4 
4 7 
25 10 12 18 19 21 
8 9 11 10 
10 13 15 
6 7 8 9 10 12 
6 2 3 5 
3 5 6 9 
3 6 14 18 21 24 25 27 
5 6 10 
6 8 12 
5 6 8 
11 17 20 21 22 24 
8 8 
8 9 11 12 13 
18 7 
13 2 3 8 9 10 
3 6 
3 4 6 
5 6 7 9 
2 5 6 8 
9 10 12 13 15 
6 8 
3 4 7 
4 6 8 
18 5 
7 3 4 6 
17 3 6 8 
4 5 7 
6 18 19 21 
3 11 20 21 
3 4 6 9 10 
3 4 6 
9 10 12 
3 17 18 19 
7 8 10 11 12 14 
4 5 
5 6 7 8 
9 9 
13 14 18 19 20 22 
3 5 
3 5 6 8 9 10 
2 4 6 
5 6 9 
3 6 8 
9 11 13 15 16 19 
14 15 18 
4 5 6 
3 6 
5 6 8 
5 3 
6 11 13 14 16 
4 5 7 
3 6 8 
5 6 8 9 11 
7 7 
2 8 10 11 12 
6 10 13 12 
6 7 10 
2 5 6 11 
31 2 3 5 7 9 10 12 13 15 
3 8 11 13 16 17 19 
2 4 5 7 
4 5 8 
4 5 7 
3 9 12 
11 12 15 
8 10 13 16 
5 6 8 
3 5 
16 17 18 
19 15 16 18 
2 5 13 7 
2 11 14 
7 13 14 15 18 19 21 22 23 
3 6 
6 7 10 
4 5 8 
4 7 13 14 16 17 21 
5 6 7 9 10 12 
2 3 4 5 7 
12 13 15 16 17 
3 7 8 11 
4 6 8 
3 5 6 8 
4 5 8 
7 2 3 4 5 6 
4 5 
9 14 15 18 19 20 
7 14 15 17 18 19 21 23 24 26 27 29 
2 13 15 16 19 
9 10 13 15 16 20 
3 4 6 
2 5 7 
15 2 3 6 7 9 
5 8 
3 5 
3 5 8 12 15 
11 4 5 9 
2 5 6 7 
9 3 4 7 
9 10 12 
3 8 11 13 
3 5 6 7 
3 4 5 
9 10 14 
11 3 4 6 8 9 
8 3 4 5 7 
7 8 
5 7 9 
6 8 
4 5 7 
5 6 9 
3 5 10 12 
11 13 14 
2 3 4 5 7 8 11 
6 10 11 13 
3 7 
11 15 16 18 
5 6 9 
5 6 9 
15 17 18 19 
3 5 
3 4 6 
3 6 8 
4 3 
7 9 10 14 15 
5 6 8 
6 7 9 
3 8 12 13 16 
8 15 18 19 21 
3 6 
5 8 
5 6 8 
7 9 10 13 14 15 16 18 
2 4 7 9 
23 9 3 4 6 
3 6 8 
8 9 10 
11 15 18 20 21 23 
4 5 8 
3 5 
2 4 5 8 10 
3 4 6 
6 8 10 12 13 16 17 20 
4 5 7 
13 27 18 19 21 
11 12 14 
3 7 
3 5 6 8 
4 5 10 
10 11 12 14 15 16 18 22 
5 6 7 
4 8 10 11 13 
3 4 6 
5 4 
4 5 11 
3 5 6 7 
9 3 
4 5 6 
22 2 3 6 
5 7 
11 3 4 8 
12 15 
5 6 9 
7 3 4 6 
5 6 9 
5 9 11 12 14 15 17 22 
22 2 3 4 7 9 11 
3 6 7 8 11 14 21 23 
6 8 9 12 13 16 
17 6 8 
3 5 7 
23 4 7 10 12 13 15 
16 1 2 3 5 8 9 11 
4 5 9 
6 7 8 
17 7 8 11 
4 5 7 
3 4 6 
4 6 8 12 18 
9 2 3 5 6 8 
14 2 3 4 5 
23 23 
2 18 20 
3 4 6 
6 7 11 
2 4 5 7 8 10 11 14 
6 7 9 
4 5 8 
2 8 11 
6 12 14 15 17 
10 31 16 19 20 21 22 23 25 
16 8 3 5 6 
5 8 10 
3 8 
6 7 11 
6 7 9 
21 31 34 
25 1 4 5 7 
10 12 14 
3 5 
6 7 9 
7 8 
4 9 11 16 19 
9 9 
2 3 6 
3 6 
5 8 10 11 13 14 16 17 18 
4 7 14 17 20 
14 4 6 
3 4 6 
8 3 
8 10 
2 5 8 10 13 14 16 
5 6 10 
4 6 8 
3 4 7 
6 10 8 
7 10 12 
10 11 13 
11 12 13 16 
2 5 7 12 14 16 17 18 21 23 
2 4 7 10 11 12 
5 9 11 13 14 20 
5 6 9 
4 7 9 
2 8 10 
11 2 3 5 
2 6 8 10 13 17 
3 4 5 7 
6 25 28 30 
6 3 
5 6 8 
5 6 8 
7 10 11 
3 5 7 
2 14 16 18 
4 5 7 
14 16 18 19 20 22 
8 12 
9 10 12 
4 7 14 16 17 18 
7 8 10 
3 5 7 8 10 
4 5 
9 12 14 
10 11 12 17 18 20 
11 5 6 10 
9 10 12 14 16 
4 7 9 
3 4 7 8 9 
11 12 13 
3 6 
9 4 5 8 
3 4 7 8 9 
6 11 13 
6 7 9 
9 10 12 
2 4 7 8 10 11 12 14 17 18 
4 5 9 
1 4 
14 2 3 8 
11 2 3 5 
4 5 8 
4 10 12 17 
4 11 15 
6 13 15 
10 15 18 20 
3 5 6 9 10 11 
4 5 6 
4 7 8 10 
8 2 
16 1 3 4 8 9 10 
9 11 14 
7 8 11 
3 6 13 15 16 20 
7 8 10 
15 1 3 4 6 7 9 
4 8 10 
2 4 7 11 
4 13 10 
6 16 11 12 15 
2 4 5 6 
7 8 12 
3 6 
4 5 7 
7 9 11 
4 5 7 
5 6 7 10 12 
3 7 9 11 12 
5 8 
4 9 11 12 14 
3 6 8 
5 6 9 10 11 
6 8 10 
3 5 6 9 
10 11 13 
16 3 4 6 8 10 12 14 
14 2 6 8 12 
3 6 7 9 
2 3 6 7 11 10 
4 5 8 
3 6 8 
19 24 26 27 29 
3 4 8 
5 6 8 
3 4 6 
4 6 8 
5 6 8 
8 3 
5 6 9 
6 27 
5 7 
5 7 8 
4 7 
10 4 6 8 
19 20 22 
6 8 9 11 
3 5 6 10 
4 6 8 9 10 11 12 14 15 16 
3 5 
3 7 
4 7 9 10 13 
4 6 
15 1 3 4 6 7 12 9 
3 5 8 
7 8 12 13 15 
3 4 6 
6 3 4 5 
5 6 9 10 13 
4 5 8 
5 7 8 11 
9 10 13 
26 2 5 9 10 13 
4 8 11 
4 5 8 
4 6 
4 5 7 
5 10 15 17 18 20 
2 8 9 11 13 15 
4 7 9 
10 12 
10 11 13 
7 2 3 6 5 
3 6 9 
11 13 
4 5 7 
4 5 7 
7 2 3 5 
7 8 10 12 
2 4 6 
7 8 10 
9 1 2 4 5 7 
2 4 5 6 
4 14 13 
3 4 6 
3 4 5 10 12 13 16 17 20 21 22 
4 5 7 
4 5 10 9 
3 7 11 
3 15 11 12 14 
4 7 
3 12 14 16 
5 6 9 
3 7 9 
18 2 3 5 9 10 12 
3 6 
6 7 8 
3 4 7 8 11 14 
3 5 8 9 10 
4 6 
9 10 12 
7 8 11 
6 7 8 10 
6 8 10 
6 11 12 13 
3 5 6 8 
4 5 6 7 8 9 12 18 
2 5 6 10 12 
5 8 10 11 12 14 
6 7 10 
4 6 8 9 10 
7 8 10 
6 7 11 
4 7 9 
10 2 
4 5 8 
8 9 10 14 16 17 19 
11 16 18 
6 10 11 12 16 
3 6 8 
13 14 16 
3 4 5 
7 11 10 
3 4 7 8 10 
11 22 26 27 29 
10 11 12 14 
5 14 16 17 18 
3 7 6 
4 5 7 10 12 
6 5 
5 7 12 14 15 16 
6 9 10 13 14 15 
4 6 
7 6 
3 6 
3 4 7 
1 2 4 5 8 7 
5 4 
8 10 
28 1 5 7 8 9 12 13 15 
2 4 5 7 
11 12 16 
5 7 
15 3 4 6 
11 4 5 7 
2 5 6 7 
4 6 7 9 11 
4 7 
7 12 13 15 
12 14 16 19 20 22 
7 4 5 6 
5 7 10 11 
6 8 9 11 
8 9 
4 5 9 
6 8 9 10 
4 7 9 
13 14 17 
4 6 
2 11 13 
3 13 14 
3 4 7 
3 5 7 10 11 12 14 
3 5 6 8 
2 8 
10 5 6 7 
3 5 6 8 
4 8 9 12 
16 10 11 15 
4 5 6 
9 1 2 4 
4 7 10 
3 5 7 
2 3 6 7 8 10 
3 4 7 
9 12 17 
4 5 
3 5 6 11 
3 9 12 
5 6 8 
5 6 8 
3 4 6 7 9 
2 6 13 16 17 19 
3 4 6 7 8 11 10 
4 5 9 
3 4 5 9 
12 13 15 
3 5 
10 3 4 6 
6 8 9 10 
16 1 2 3 6 9 10 13 
5 8 11 
3 4 5 7 8 10 
3 14 17 20 21 23 
4 5 7 
3 6 
3 4 7 15 16 
7 8 10 
4 5 7 
4 15 18 
3 5 6 8 
5 7 8 
5 6 10 
7 8 10 11 13 
3 4 6 11 18 14 
28 1 5 11 13 14 15 
18 19 20 21 24 25 27 
3 5 8 
2 7 8 11 
11 8 
3 5 6 
5 6 7 10 11 13 
7 10 11 13 
8 12 13 
6 8 9 11 
10 6 7 9 
2 7 8 10 
4 5 7 
8 2 4 6 
4 5 8 
6 7 9 
4 5 9 
4 7 11 13 
2 11 13 17 19 20 22 
5 7 9 10 12 
13 2 3 7 
5 6 8 
6 9 11 13 15 18 19 20 23 22 
4 5 7 
4 7 8 11 
7 14 16 19 21 
10 3 4 8 
7 8 11 
5 6 8 
8 14 15 18 
17 18 21 
5 6 9 
4 5 8 
17 3 7 9 11 12 13 
4 7 8 9 10 
4 5 6 8 
4 5 7 
10 11 15 16 20 
11 26 30 
2 5 7 
6 11 14 
11 3 4 6 
10 12 13 15 
12 15 17 
4 8 13 17 20 21 23 
4 5 
8 1 3 5 
4 5 7 
3 8 
2 6 9 13 
3 4 7 
2 16 21 22 23 
6 9 
2 5 6 8 
3 11 13 
6 7 8 
5 9 
6 8 10 
11 12 14 15 18 
10 2 5 8 
10 12 
5 6 8 
3 6 
4 14 17 19 
6 11 12 
8 9 11 
2 11 12 14 
12 14 17 
9 10 12 
8 9 11 
3 5 8 
5 6 8 
9 12 13 
17 19 23 36 37 39 40 41 43 
15 17 25 28 46 47 49 
6 7 9 
5 7 9 
6 8 10 11 12 
3 8 11 14 
2 9 
2 6 9 
5 15 11 
5 6 25 12 
21 4 7 9 10 12 13 15 
4 5 7 
3 4 5 7 
5 6 9 
5 7 
7 8 9 
10 11 13 
21 3 9 14 15 
2 4 5 7 8 10 11 13 14 16 
5 6 12 
4 6 14 17 18 20 21 23 
3 4 7 
4 8 
2 5 
8 2 3 5 
5 9 10 12 
6 7 10 
3 6 9 10 12 
3 6 10 
11 6 7 9 
33 1 5 7 8 10 
2 8 13 
13 6 2 3 5 
16 17 22 23 
2 5 6 11 
3 4 5 10 
4 11 13 
3 5 
7 12 
4 5 8 
3 4 6 
2 6 11 14 17 
10 24 25 27 28 29 31 
4 5 8 7 
2 5 
4 5 11 
3 6 
12 13 15 
20 23 25 
6 7 11 
10 2 3 4 7 
4 5 8 
11 5 6 8 
3 6 9 
4 5 7 
8 9 12 
2 5 7 21 22 24 
11 13 15 
4 14 7 9 10 12 
7 8 12 
8 17 12 13 16 
2 3 5 6 8 
3 4 9 
14 5 6 8 
13 14 16 
9 3 4 5 7 
4 5 8 
6 7 10 
8 9 10 
8 5 
3 4 6 
2 4 5 6 
3 4 6 
5 4 
5 1 2 3 
17 5 6 7 
2 4 
7 8 11 
15 16 21 
4 7 20 12 15 16 18 
3 7 11 14 15 17 
5 4 
5 6 8 9 12 
5 6 8 
13 19 23 24 26 
4 8 12 
9 21 15 
4 5 7 
5 7 
6 2 3 5 
18 19 20 
5 6 8 10 13 15 
9 10 13 
3 5 
11 13 14 15 
3 4 5 6 
3 4 
8 9 11 12 14 
12 1 2 4 10 
4 6 
4 5 8 9 11 
2 22 25 28 29 30 
4 6 7 9 
2 3 
8 11 
4 5 7 
4 5 7 12 
3 4 6 7 8 10 
6 7 9 
2 6 
6 9 
2 5 7 
6 7 8 
3 6 5 
6 7 9 
9 4 6 
6 7 9 
7 8 10 
3 6 10 
8 2 3 5 
4 7 10 
6 9 12 
3 7 5 
21 1 4 5 6 9 
3 7 10 15 
4 12 14 15 16 18 
2 3 
3 5 6 8 
12 17 19 20 21 22 23 25 26 28 
6 8 9 14 
2 7 9 15 16 19 
10 11 13 
5 7 11 13 14 16 
2 5 6 8 
5 8 9 10 
2 5 6 8 
5 7 9 10 11 
6 9 
5 6 8 
18 4 8 11 12 
4 6 8 9 11 14 
3 8 9 11 12 14 
4 5 8 
3 4 5 
7 10 
7 18 12 13 15 
3 4 6 
8 3 4 6 
4 8 11 16 
2 4 9 8 
3 4 6 
4 5 7 
13 3 4 6 
2 7 10 11 12 
4 5 9 
7 9 
3 4 6 
2 5 6 7 
12 1 4 5 7 
5 8 10 
3 4 7 
6 7 11 
4 19 20 23 24 28 
4 5 7 
7 9 
6 7 8 10 
3 10 11 13 
5 2 3 4 
2 19 20 22 
8 10 11 12 
8 2 3 4 
5 6 9 
11 13 14 15 
2 5 7 9 10 14 
2 6 13 18 20 
4 9 18 20 21 23 
4 5 8 
4 8 9 11 
4 6 7 10 
4 5 7 
11 1 2 4 
3 4 7 
4 14 17 
4 5 7 
5 7 9 10 13 
3 7 8 
7 3 4 5 
3 5 6 9 
2 7 8 10 
21 4 9 16 19 
7 10 15 
3 5 7 
1 4 5 8 9 
2 7 8 10 
4 5 6 8 
11 1 2 4 5 8 
2 3 4 8 
13 9 
9 3 4 7 
2 5 
8 9 11 
5 1 2 4 
17 5 8 9 10 12 
4 5 8 
8 9 10 11 12 
4 5 9 
7 8 12 
4 6 
3 4 7 
13 17 
3 4 8 
3 4 6 7 9 
4 5 8 
2 10 11 13 
11 12 17 22 23 26 
5 6 11 
9 2 3 4 6 
2 5 7 12 13 15 
3 10 11 13 17 
4 10 11 13 16 18 
4 10 12 13 16 17 18 21 
5 11 12 15 
4 5 6 8 9 12 
2 4 5 7 9 10 13 14 16 
5 6 8 
7 9 11 15 
7 10 11 13 14 15 18 19 20 22 
5 6 10 
3 6 8 9 11 
7 2 3 6 
3 4 6 
8 3 4 6 
5 7 
13 16 15 
19 2 3 6 
9 13 
3 4 8 
7 1 5 
14 4 6 8 
4 7 
6 7 11 
3 4 7 
11 1 2 3 9 
2 5 
7 10 
3 4 5 7 8 11 
10 12 13 16 17 19 
6 7 12 
3 7 
11 13 
3 6 8 9 11 
2 3 6 5 
18 10 11 13 
5 18 21 23 24 25 
4 7 8 10 12 14 15 
12 2 4 5 7 
8 10 12 
3 4 
6 7 11 
10 13 15 
3 5 
3 4 6 
11 9 
4 5 6 
6 14 10 
5 17 18 23 
4 11 10 
5 6 7 9 
6 7 10 
4 5 7 
8 9 11 
5 7 10 11 13 14 16 
3 4 7 8 9 
5 6 10 
3 12 
6 14 16 17 18 20 21 23 
3 5 
4 6 9 11 
4 7 
3 9 12 
2 3 5 
29 4 5 7 8 12 
2 10 12 13 14 
4 5 7 
11 12 15 
6 8 9 11 12 14 
8 2 6 
8 3 4 6 
6 12 14 15 32 33 35 
11 3 5 6 8 
4 7 
6 7 11 
3 5 7 
4 7 8 10 11 12 
8 22 18 19 21 
18 2 3 5 
3 4 5 7 
4 5 8 9 11 
16 21 24 
3 5 10 11 13 
3 5 
3 4 5 9 
3 5 6 9 
5 7 10 12 13 15 
2 3 6 
4 6 8 
6 10 13 14 16 
15 11 12 14 
2 12 14 
7 12 13 15 16 17 20 
2 15 17 18 20 
7 8 10 
6 8 11 
7 8 10 
5 7 9 
5 14 15 17 
6 7 9 
4 5 7 
4 5 6 7 10 
3 6 7 10 
6 7 10 
2 4 5 7 
5 6 
3 5 
4 5 7 
8 10 12 
2 5 7 
9 15 16 19 
3 6 9 
4 5 7 
3 6 
3 6 8 9 10 11 
4 6 9 
3 7 8 9 12 
2 9 11 14 
2 5 7 
5 6 9 
3 4 6 
3 9 10 13 
2 7 
5 6 7 
11 15 17 19 20 22 
2 4 6 8 
4 4 
4 5 8 
7 9 10 13 14 16 
7 9 
7 6 
4 5 8 9 10 
8 9 10 14 
7 10 13 
3 5 8 9 11 
4 5 7 
5 7 
5 9 10 12 
2 4 6 7 9 10 12 
3 6 12 
8 2 3 5 
5 7 8 10 11 13 
4 5 9 12 
4 5 7 
16 9 10 11 13 
9 15 
7 3 4 6 
6 7 9 11 12 14 17 18 19 22 
4 6 7 
5 7 8 
3 4 5 
14 7 3 4 6 
14 16 18 
2 7 12 14 15 16 17 
5 6 8 11 
7 2 3 5 
3 10 13 
6 8 12 16 17 19 
5 6 8 9 11 
6 9 11 12 15 
3 5 
3 13 19 15 
3 12 13 16 
6 9 
7 2 3 6 5 
4 7 11 
17 19 20 22 23 25 
7 2 3 5 
14 2 9 10 12 
3 5 6 9 
3 6 9 10 12 13 15 
5 7 
4 5 7 
12 3 4 6 7 8 11 
17 19 20 22 
2 6 8 9 
12 2 3 5 6 11 9 
2 4 6 11 8 9 10 
4 5 9 
3 10 11 14 
4 5 9 
7 8 10 
3 4 6 
4 5 8 
3 4 8 11 14 15 17 
5 6 8 
29 32 33 35 
3 4 6 
3 5 13 15 16 18 27 22 23 25 
3 7 9 
2 5 7 8 11 13 14 
10 5 7 
4 5 7 
6 7 10 
5 15 16 19 22 
3 5 
11 5 6 8 
3 4 6 
5 8 11 
17 10 
3 7 9 
4 22 14 15 
2 3 5 10 11 13 
2 6 10 11 14 
12 13 14 
2 4 6 
8 9 12 
2 10 5 6 8 
10 3 4 6 
2 5 8 
4 5 7 
13 9 3 4 6 
4 8 
3 5 6 9 10 13 
7 8 9 11 
3 5 6 10 
2 4 5 10 
5 6 8 
4 6 7 8 11 
4 7 9 
3 4 6 7 9 
3 5 6 9 
13 1 2 6 7 8 9 
8 2 6 5 
4 6 
12 6 7 10 
1 2 5 16 19 20 
4 9 10 12 
5 7 
10 12 19 20 22 
10 12 13 14 
5 6 10 
3 9 10 16 18 
10 14 15 16 18 
2 3 4 
6 7 9 
20 7 8 10 
2 14 15 16 18 19 21 
3 4 8 9 10 
3 5 6 8 
3 4 10 
13 6 8 9 
20 23 
4 5 7 8 9 28 
4 8 9 
3 6 7 8 11 
11 12 13 
7 1 2 3 
6 5 
29 32 
5 7 8 11 
4 7 9 
3 5 6 9 
3 12 13 16 17 18 
4 5 9 
9 10 12 13 14 
3 8 13 14 16 20 
2 8 10 
3 18 22 23 25 26 28 
11 12 14 
10 2 3 4 8 
6 7 9 
2 5 7 9 14 15 16 
2 5 8 10 
6 13 24 26 
6 11 15 
3 5 6 7 
3 4 6 7 8 11 
4 6 8 
5 14 15 16 17 18 23 24 26 
2 14 15 18 
6 7 9 
9 3 4 7 
5 6 9 
4 5 6 
3 6 7 9 
3 6 8 
5 7 
3 4 8 
5 7 8 10 
9 2 4 6 
3 6 8 11 
4 5 7 
4 5 7 
9 10 12 
11 12 13 14 
6 19 21 22 24 
14 5 8 9 11 
3 5 
4 6 10 11 
9 11 
2 4 5 8 
9 10 13 
11 13 14 
4 5 
14 21 
3 4 7 
3 5 7 
7 16 18 19 20 24 26 27 29 
7 8 9 10 12 
4 5 7 
9 9 
4 5 8 
5 7 9 12 
9 10 12 16 
9 10 12 
9 11 12 14 
4 5 6 8 9 10 12 13 
5 4 
9 3 4 7 
6 7 9 
3 4 6 
7 9 11 13 
6 7 9 
9 11 12 14 15 
2 7 9 11 12 
6 8 10 
4 17 18 20 21 24 
3 17 19 
6 7 9 
12 13 15 16 18 
2 17 22 23 25 
4 5 8 
7 14 16 
7 8 9 10 11 14 
4 8 
17 4 6 
3 11 5 
5 6 8 
8 10 
47 34 35 38 
24 6 7 9 
16 3 5 6 8 
6 8 
7 12 11 
3 6 
4 5 7 
3 4 5 
3 4 9 11 22 25 29 30 31 
6 7 12 
12 24 28 29 31 
4 5 7 
2 3 6 8 16 17 20 21 
2 13 14 16 
18 1 3 4 7 10 11 16 
4 13 16 19 20 21 28 32 36 38 
3 6 7 8 
8 10 14 15 18 
6 9 11 13 18 20 
4 5 8 
9 10 13 
3 5 6 
2 4 5 7 8 9 10 12 
3 6 9 
4 7 9 
5 6 8 
5 6 8 9 12 
4 5 7 
3 4 6 
9 10 14 15 16 18 
9 11 
6 10 
3 5 10 11 12 
2 5 6 8 9 10 13 
4 22 23 24 
6 7 8 
7 8 10 
4 5 8 
4 5 9 
5 15 18 19 23 
6 17 19 20 21 
6 7 10 
4 6 7 8 10 11 12 
3 5 
9 11 12 13 
4 15 16 18 
6 4 
5 15 16 17 19 20 22 
1 3 6 
3 5 
5 6 8 
4 5 8 13 14 17 
2 12 4 
2 7 10 9 
3 6 
5 6 9 
10 1 2 3 6 
6 4 3 
4 7 9 
2 4 5 7 10 15 16 18 
3 4 8 
11 14 19 21 
3 4 6 
21 4 6 7 12 9 
3 8 
6 11 14 
3 5 7 
6 7 8 10 12 14 15 18 
24 3 7 8 12 
9 10 14 
4 5 7 9 16 19 20 21 
7 10 13 
7 8 10 
5 6 8 
3 8 
6 7 11 
15 2 3 4 
3 5 6 8 
17 1 2 6 4 
3 5 7 
4 5 8 
3 4 6 
13 14 
2 3 5 6 8 
2 3 4 
11 4 9 6 
6 2 3 5 
7 9 10 11 
2 5 11 13 15 17 18 20 
3 4 6 
7 8 11 
6 10 
9 10 12 
4 5 7 
8 16 12 13 14 
7 9 10 13 
6 8 12 14 15 17 
3 5 6 
16 18 21 24 25 28 
9 1 2 
2 5 6 8 
6 7 9 
3 5 
3 4 6 
5 9 
5 7 11 13 14 16 
4 5 9 
3 4 6 
6 7 9 
2 3 5 7 
6 8 10 
3 4 6 
6 8 14 16 17 19 20 22 23 24 
11 15 
14 16 18 19 20 25 
3 6 8 
6 9 12 
3 9 10 13 
8 2 3 5 
7 9 11 
12 4 5 6 
3 5 
29 1 5 13 15 16 18 19 21 
4 5 7 8 9 
3 7 9 
4 8 
9 15 
3 5 
7 9 11 
6 7 9 
16 3 6 7 11 
7 16 9 12 14 
8 9 10 14 
12 13 15 16 18 
13 19 20 21 24 25 27 28 30 
5 7 8 
2 7 10 
4 5 6 
2 4 6 8 9 11 
3 5 10 11 13 
8 14 15 17 
4 3 
3 9 13 15 16 19 
7 8 10 
5 10 11 12 
6 7 10 
7 8 10 
3 8 9 10 
3 4 
2 5 7 
4 16 18 19 21 22 23 26 
4 6 
10 11 17 18 24 
5 21 23 
10 15 17 18 20 
4 6 8 
3 8 11 13 
4 5 6 
4 5 6 22 23 25 
4 20 12 15 16 17 
5 6 9 
4 5 6 
3 4 7 8 9 12 
1 4 5 8 
5 8 9 10 13 
4 5 8 12 14 
2 4 8 14 17 18 20 21 22 
6 7 10 
4 5 8 
8 9 11 12 14 15 16 23 25 26 28 
7 10 
11 24 29 31 32 34 35 38 39 41 
5 6 7 
9 11 25 15 
9 3 4 8 
16 3 4 6 7 8 11 12 
2 8 11 
4 7 
2 4 
21 1 3 4 5 
8 3 4 7 
9 12 
3 5 7 
6 7 9 
4 5 10 
5 3 
5 6 9 
3 4 5 8 
4 5 6 9 
4 5 6 
7 9 11 
4 5 7 
2 3 5 
3 5 6 7 
7 9 10 13 
7 3 
8 12 14 16 17 18 
4 6 7 12 
6 8 
3 5 
4 12 13 23 25 28 31 
5 6 8 
17 8 3 4 5 
4 6 10 
3 4 11 12 14 
5 6 8 
3 5 6 34 15 16 18 19 21 24 25 27 
2 5 9 
4 6 16 18 19 21 
2 6 8 
4 5 8 
5 11 12 14 
4 5 7 
4 7 11 
3 6 7 12 
3 4 5 6 8 
3 5 
13 2 5 6 8 9 11 
4 7 8 15 
8 9 11 
3 4 6 
2 6 8 10 11 13 15 
4 7 9 
3 4 6 7 
6 7 10 
13 14 15 16 18 
11 13 15 
12 1 5 7 
7 8 11 
4 6 8 
5 6 7 11 12 14 15 16 17 19 20 
3 5 7 
2 3 5 6 8 
10 4 5 9 
5 6 10 
2 3 5 8 11 12 14 
6 9 10 13 
8 9 15 19 21 22 
2 5 8 9 11 
4 5 8 
17 12 
3 4 
10 11 13 16 17 18 
4 6 7 
5 10 13 14 15 16 17 19 
2 4 5 9 
12 13 15 
11 12 15 19 
13 1 3 6 7 9 
5 11 10 
2 4 7 
2 3 4 5 7 
6 8 9 
2 4 5 6 7 11 
6 7 10 
8 2 3 4 6 
5 7 8 9 
5 6 8 
4 10 12 
3 5 7 
4 5 7 
7 2 3 5 
4 5 8 9 12 
28 3 16 17 21 
11 2 3 8 
10 11 12 
7 8 11 
2 9 12 13 14 
3 4 5 9 11 
3 5 10 12 13 14 16 
5 9 14 13 
11 13 15 
3 4 12 15 18 20 21 23 
5 7 
18 2 3 4 
8 9 12 
3 4 5 6 7 
6 7 8 
7 16 17 19 
9 2 3 5 
6 2 3 5 
6 21 9 11 12 14 15 17 
4 5 8 9 11 
5 6 9 
9 16 18 19 20 29 31 34 35 37 
3 4 7 
5 6 9 
4 5 9 
33 5 6 8 9 12 15 17 20 25 28 29 
4 29 6 7 10 
11 2 5 
7 8 11 
4 5 8 
9 2 3 4 6 
3 13 7 8 10 
6 7 9 
17 5 6 12 
4 5 8 9 11 
10 13 14 16 
3 4 6 
7 10 12 
3 4 7 
6 7 9 
13 3 5 6 8 
4 7 
2 5 8 
8 1 3 4 6 
5 7 9 
20 6 7 8 13 15 16 17 19 
4 5 9 
4 5 6 
3 4 5 8 9 11 
6 7 9 
3 4 5 
4 5 10 
11 2 6 7 9 
3 5 
5 6 10 14 
10 11 13 
9 10 12 
2 6 9 
14 1 3 4 6 
2 3 4 7 8 10 11 
7 4 
3 4 8 
3 12 14 15 18 
4 5 8 
4 7 9 13 14 16 
4 5 8 
5 6 9 
9 10 11 
2 5 7 8 
3 5 7 
5 6 8 9 10 
4 5 6 
4 7 
6 9 11 
3 6 8 
5 8 11 
11 2 5 6 8 
5 6 9 
5 6 8 
3 7 8 9 10 17 
18 2 5 7 8 10 
6 7 9 
5 6 9 
7 8 9 10 11 
5 4 
3 6 
6 2 3 4 
3 5 6 8 9 11 12 13 17 
3 4 6 
5 11 15 16 17 18 19 22 
11 17 20 21 23 
4 5 7 
11 13 16 21 
6 7 9 
4 5 6 16 18 
2 7 8 10 11 13 
2 3 5 6 7 8 10 11 14 
2 3 4 6 10 13 
10 2 3 7 5 
11 13 15 17 18 23 
6 7 10 
8 9 11 12 15 
4 5 6 
13 11 
5 7 9 10 13 14 16 
5 6 9 
5 6 8 
4 5 9 
9 2 5 7 
5 6 8 
4 6 8 9 12 13 15 
4 6 8 10 
23 16 6 8 
5 6 8 11 12 15 
4 6 9 
3 9 10 13 14 15 
16 4 5 6 8 
4 7 10 
6 7 8 13 16 19 23 25 27 28 30 
7 9 13 14 17 20 
10 3 4 6 
5 6 8 
7 9 12 
4 5 7 
8 10 11 13 15 17 18 21 
4 5 8 
3 4 6 
6 12 13 15 
8 12 13 16 
3 10 11 13 
5 7 8 11 
3 7 
3 7 9 
3 11 12 
12 13 16 
3 18 4 6 7 8 
5 13 15 16 17 18 20 21 22 25 
9 4 5 7 
8 11 17 21 22 
4 5 6 8 15 16 17 19 
3 5 7 9 
3 17 19 20 21 
3 5 
3 4 6 7 8 9 10 12 
10 12 14 16 17 18 20 
6 7 8 
3 4 6 
5 7 
4 5 7 
2 4 5 7 
7 9 11 
8 2 4 6 
8 9 11 15 17 19 22 25 
5 6 8 7 
5 11 13 16 20 22 24 
7 8 10 
11 12 14 15 18 19 22 23 
4 5 6 7 8 10 
4 5 8 
5 10 13 
18 11 12 15 
11 14 
5 9 6 
14 8 9 13 
3 4 7 
4 5 7 
4 5 7 
3 5 10 13 14 
3 5 7 
4 5 9 
4 5 7 
9 10 15 12 
2 5 6 8 9 11 12 13 16 
7 9 
7 8 10 
3 4 7 
5 9 
3 5 
6 4 
3 6 9 
5 6 10 
6 7 9 
4 5 12 
7 8 9 10 12 
9 1 2 4 5 8 
25 3 4 9 8 
6 7 9 
8 9 11 
7 2 3 4 6 
12 21 22 24 25 26 
10 12 13 15 16 17 
4 7 
5 11 15 17 18 19 
3 8 9 11 
3 10 11 14 15 18 
11 23 
4 15 22 24 25 27 
4 5 8 
3 10 12 13 
7 9 
13 14 23 25 27 
10 11 14 16 
5 6 7 
12 3 4 8 
5 6 8 
13 2 3 6 9 
4 5 9 
5 6 7 
4 3 
18 3 4 5 7 
2 3 5 7 10 12 17 
5 7 14 16 18 22 
3 6 5 
10 11 13 
6 7 9 10 
4 5 6 
5 7 10 9 
2 4 5 6 8 
9 13 15 
6 9 14 
4 7 9 
3 5 6 7 
6 7 10 
3 7 
4 9 12 
3 13 15 16 17 
2 5 7 11 12 15 
3 13 14 18 
3 6 8 9 11 
8 2 5 7 
4 7 9 14 16 
7 4 5 6 
2 5 7 8 10 
8 9 
9 4 5 7 
4 9 7 
6 6 
3 11 13 
3 6 
8 3 4 6 
9 23 25 
5 6 7 13 
6 14 16 
6 6 
5 9 10 
7 13 15 17 18 19 21 
4 7 8 10 
3 4 8 
3 6 
5 6 11 
15 6 7 9 
3 6 8 9 11 
3 8 10 11 12 
4 5 8 9 10 12 
4 14 15 19 23 24 26 
5 6 8 9 12 
5 6 7 
2 3 6 7 9 
11 12 14 
6 7 10 9 
3 5 6 7 
19 1 2 4 5 8 
3 5 6 7 9 
5 9 11 13 15 16 18 
4 5 9 
4 5 8 
18 20 21 22 
5 7 10 
12 8 9 11 
5 6 10 
2 4 5 6 
6 8 9 11 
6 16 13 14 15 
3 8 12 
5 6 8 
6 8 
7 9 10 13 14 16 
5 6 7 
2 5 
7 9 11 
3 6 
3 6 8 10 12 18 20 
6 7 9 
3 7 
3 7 10 
19 3 5 8 9 12 14 
13 2 5 6 
3 6 8 
3 4 6 
2 6 8 9 11 
10 11 15 
5 6 10 
2 4 6 7 9 
3 7 9 
3 7 8 
4 14 15 19 
4 6 9 
2 4 6 
5 11 13 14 16 17 18 20 21 23 
3 12 21 22 23 
5 6 7 
3 6 12 14 
12 13 15 
7 2 4 5 6 
6 8 11 14 
5 8 9 10 12 
8 5 6 7 
3 4 6 
7 2 3 5 
4 6 8 9 12 
9 12 14 
5 6 8 
4 9 10 12 
15 2 6 8 10 11 12 
32 39 41 42 43 
3 5 8 
5 6 9 
13 5 7 8 
9 23 26 
6 7 9 
3 4 6 
4 6 8 
6 11 
3 7 
6 8 11 
6 11 12 14 
3 4 
4 5 8 9 10 
3 4 7 8 10 
3 4 5 
9 9 
6 13 16 17 19 20 22 
3 4 7 
5 6 10 
10 2 3 9 
7 7 
9 11 15 12 
4 5 6 
4 6 
15 11 12 14 
3 5 6 9 
4 5 7 
3 4 7 
7 17 18 22 
5 12 13 15 
3 5 
2 14 15 16 18 19 20 23 
4 6 10 
7 8 11 
4 6 
4 5 8 
11 15 16 18 
3 4 6 
9 9 
14 4 5 7 
9 2 
2 13 14 17 18 19 
9 20 21 23 24 26 
9 13 17 18 19 
5 6 7 
3 5 6 8 11 12 14 
3 10 13 15 16 20 
17 1 6 10 11 13 
8 9 11 
4 6 8 
5 6 8 
13 14 16 17 19 21 22 29 30 31 
11 18 19 20 22 
3 7 
3 4 6 
11 4 
5 6 9 
5 2 3 4 
4 7 9 
5 6 8 11 12 14 
6 4 
3 2 
4 6 8 10 11 15 
4 23 5 7 9 10 11 
3 4 9 
16 18 20 21 23 
2 4 5 8 
3 5 6 7 
3 4 7 6 
4 6 7 
4 6 
3 5 7 9 
5 6 8 
4 8 10 
3 11 5 6 7 
9 11 13 
7 10 
8 9 10 14 
3 6 21 23 
4 5 7 
4 5 11 
11 1 2 4 5 7 8 10 
3 4 6 
11 4 5 7 8 10 
5 6 9 
4 5 6 
4 6 
3 6 7 8 11 10 
14 8 9 11 
11 2 3 6 
4 10 11 13 
6 7 8 
6 10 18 
4 6 9 
17 5 6 11 16 
5 7 9 10 11 13 
8 10 12 13 17 18 19 
2 5 8 
5 7 8 9 
16 17 19 
3 4 8 
7 2 3 5 
5 6 8 
5 6 11 
3 4 6 
4 7 
12 2 3 4 8 9 11 
2 5 6 9 
4 5 6 12 11 
12 3 4 5 7 
17 1 4 5 8 11 
9 11 12 14 15 17 
3 4 6 
4 5 7 
6 7 8 
6 22 13 14 16 17 19 
3 6 8 
12 15 18 
6 11 12 
2 7 22 27 29 
12 4 5 8 7 
6 7 9 
15 1 3 4 5 7 
2 11 13 14 17 19 
6 7 9 
9 10 12 
3 5 8 9 10 
4 5 8 
10 2 3 4 
3 5 8 
3 5 
5 6 7 
4 5 7 
7 8 10 
4 5 6 
14 3 4 5 7 
4 5 7 
3 9 8 
7 9 10 12 
3 4 6 
5 6 7 8 11 15 
3 6 5 
4 10 11 14 
6 7 11 
3 4 7 8 
4 7 
4 6 7 10 
4 5 7 
2 5 8 
8 4 5 7 
3 6 7 8 10 
9 8 
11 13 14 15 
5 9 
6 12 16 19 
3 10 11 12 
3 6 9 
5 6 8 
5 6 8 
4 5 7 
4 6 11 
4 5 
2 6 8 
6 7 9 
3 4 5 
3 4 5 
7 2 3 5 
9 3 4 7 
4 6 8 9 
2 3 5 
3 5 7 
3 5 8 9 12 13 14 
4 6 9 
10 11 13 14 15 18 
7 9 
7 8 9 12 13 
6 13 17 19 20 23 
4 7 8 
14 15 20 
5 6 8 11 12 14 
7 15 17 
11 18 19 22 23 24 
5 28 17 19 21 23 24 26 
27 6 19 20 24 
3 5 7 8 10 
3 14 16 17 20 21 23 
2 4 6 7 10 
5 6 8 
2 4 6 
10 2 8 6 
11 1 2 8 6 
13 4 8 9 11 
2 5 7 8 9 11 
3 7 6 5 
7 8 11 
7 8 10 
6 9 10 12 13 15 
17 1 6 8 
17 19 20 22 
7 2 3 5 
14 7 8 9 
12 23 20 21 22 
8 4 6 
5 4 
3 4 6 
9 15 18 
5 6 9 
6 8 9 11 
5 2 
10 11 15 
30 32 36 
8 2 3 5 
6 7 10 
16 3 4 6 7 9 10 11 
3 5 6 7 
4 5 7 
5 7 10 
7 2 3 6 
5 6 9 
8 9 12 
3 5 
4 9 
15 18 21 
2 5 7 8 10 
4 5 6 8 
11 12 13 15 16 18 
3 4 5 6 9 
7 8 9 
4 5 10 
28 29 31 
13 1 4 6 8 10 
2 3 4 
3 7 
3 4 6 
3 7 
4 5 7 
8 10 
2 4 6 
2 3 4 9 
10 3 4 6 7 9 
3 11 13 
11 12 14 
6 8 12 13 
4 6 
6 7 9 
5 8 11 
2 9 12 13 16 
3 4 
4 5 7 
7 4 
6 7 9 10 11 12 13 15 16 18 
3 4 9 10 11 
8 11 13 
11 2 3 4 
5 7 8 11 
5 6 8 
8 3 4 6 
17 4 5 8 
3 11 18 20 21 22 
4 7 9 10 12 
6 8 
10 12 13 
7 2 3 5 
4 6 
6 7 11 
6 8 10 
3 5 11 13 
5 7 
6 7 10 
2 14 16 17 18 
3 6 
7 9 
2 5 6 9 
12 14 24 25 26 
7 8 9 11 
3 4 6 
8 2 3 5 
6 3 
3 17 20 22 
2 6 7 8 11 
8 10 
3 6 9 10 15 
4 5 7 
5 9 
3 7 8 
7 8 9 
9 17 18 21 22 23 25 
3 5 
15 2 5 6 10 
7 8 11 
4 7 8 
5 6 7 13 
5 1 2 4 
13 14 16 17 20 
4 5 6 8 9 11 
5 6 9 
15 3 4 5 
17 1 5 7 
7 8 10 
7 7 
3 4 17 6 7 10 
3 6 9 
6 7 9 10 12 
4 6 7 
11 12 13 
3 6 8 
3 6 7 9 
4 5 6 
2 3 5 6 8 
13 1 6 8 9 11 
6 10 11 13 
9 10 18 12 
6 7 9 
13 2 3 5 6 11 
7 9 10 
5 6 7 9 10 13 
3 10 6 
5 6 7 9 
10 12 15 
4 7 10 
7 2 3 5 
5 7 9 
14 18 20 22 
7 9 13 
2 6 11 13 16 
4 5 7 
3 6 10 
2 7 9 13 14 16 
3 4 6 
5 6 10 9 
6 3 
4 5 7 
5 3 
9 10 12 
11 2 
3 4 8 9 11 
6 7 9 
4 6 
4 5 7 
6 9 10 12 15 14 
7 8 11 12 14 
2 9 10 12 
5 6 8 
12 9 11 
8 9 12 
6 8 9 11 10 
3 4 5 
16 4 7 
8 9 13 
3 4 6 
5 6 7 
4 5 7 
3 6 
4 5 7 
3 7 9 10 13 
4 5 6 9 10 11 13 17 19 21 
3 6 8 
5 6 9 
5 6 7 10 
3 6 8 
20 17 
5 4 
8 9 
9 4 6 8 
11 12 14 
12 15 17 
3 7 8 
3 6 8 
5 6 7 8 10 19 21 22 24 25 27 
4 14 17 
11 6 7 9 
5 10 11 13 
2 3 5 
5 7 10 11 14 
3 5 6 7 10 12 13 15 16 18 19 21 
5 2 3 4 
3 5 
4 7 11 12 14 
8 2 3 5 
3 6 
4 7 9 10 12 13 15 16 
6 4 
3 7 8 10 11 12 
4 5 7 
2 9 14 16 17 20 21 22 24 25 27 
10 14 15 17 
3 5 6 9 
2 8 13 15 
3 5 6 7 13 16 18 20 21 23 
12 14 22 
6 7 8 10 12 13 17 
3 4 5 7 8 9 
11 13 16 18 21 23 24 
3 5 6 9 10 11 15 
8 10 11 12 13 14 
3 6 
4 5 7 8 9 12 16 
5 6 7 
18 10 11 12 14 15 17 
4 5 7 8 10 
3 12 14 
3 6 7 
8 2 3 6 
6 2 3 5 
5 6 8 
8 9 11 12 13 
16 17 19 
3 4 6 
3 5 7 
3 4 6 
5 6 7 
5 8 
3 6 8 
12 14 19 
4 10 13 14 16 
3 4 6 
4 5 6 7 8 10 11 13 
2 3 5 6 7 
5 6 8 
8 12 
6 7 9 10 12 
3 7 10 
10 1 3 4 5 8 7 
12 13 14 17 
4 6 
3 4 5 
4 9 10 11 
3 5 8 
4 8 13 
4 8 
10 11 12 13 16 17 
5 7 11 
3 6 10 11 
11 16 18 
2 12 14 15 17 
5 6 9 
3 23 6 7 12 15 16 17 18 19 20 22 
20 1 2 5 8 11 
2 6 9 
6 2 3 5 
4 6 7 8 
35 11 4 5 8 
3 6 9 
19 20 23 
3 4 5 
4 5 
4 7 10 
7 8 12 
3 4 6 
8 9 12 
21 1 5 6 7 9 10 11 
11 12 15 
15 7 8 9 13 
2 8 10 
9 10 12 13 14 16 17 19 
6 7 9 
9 12 15 17 
3 6 8 9 13 
5 7 12 10 
8 3 4 6 
4 5 6 8 
9 3 4 8 
6 12 13 15 19 20 22 
2 5 8 
4 8 
10 11 13 
7 9 10 11 12 13 15 16 
5 8 9 
6 7 10 
6 2 3 5 
3 6 
4 5 8 
4 5 6 9 
7 2 3 5 
7 8 10 14 15 18 
4 5 8 
3 8 9 
5 7 10 13 14 16 15 
5 7 9 10 11 13 16 
3 4 6 
2 4 8 
5 6 8 
13 5 3 
2 8 9 10 
6 10 11 16 17 19 20 22 
2 20 22 23 25 26 29 30 34 
2 5 9 10 12 
11 12 14 18 19 21 
5 6 8 
5 7 11 15 17 
3 5 
24 28 31 33 34 35 37 39 
16 1 4 5 6 9 
4 5 6 8 
6 3 
15 5 6 9 
3 2 
10 17 18 
4 7 10 
16 1 6 8 
3 5 7 
2 4 5 7 8 12 14 15 16 
3 6 
5 6 7 
19 1 4 9 11 12 15 
4 5 7 8 10 12 13 15 
17 8 9 14 
4 11 
6 4 3 
3 5 
21 3 6 12 15 19 
6 2 3 5 
6 2 3 5 
4 5 7 
4 5 7 
9 10 12 13 15 
14 16 
13 1 3 4 5 
10 12 13 15 
9 12 14 
4 6 10 11 13 
14 3 4 7 
3 4 
6 7 9 10 12 
3 6 8 
4 7 
2 18 27 29 
4 5 8 
7 8 10 
3 17 18 21 
5 6 8 9 13 
7 10 
24 3 5 6 7 9 12 
4 7 
15 16 17 20 26 28 29 30 
4 5 8 
3 36 24 25 26 
6 16 8 
3 5 
6 7 8 
3 4 6 7 9 
15 2 5 6 8 
10 3 4 6 
14 18 19 20 21 22 26 
4 5 7 
8 10 11 13 
3 5 24 25 28 29 31 
13 15 18 19 23 
14 15 17 
5 6 8 
2 5 6 8 9 11 
3 7 10 
8 9 11 
2 17 19 21 
9 10 25 26 28 29 31 33 
3 7 
4 7 
3 5 7 8 11 14 
9 10 12 
5 6 8 9 10 
4 5 6 
2 5 8 
14 15 17 
12 2 4 7 
8 9 14 
3 7 9 
4 8 10 11 14 18 
6 1 2 5 
5 7 13 
7 9 11 
3 4 5 
4 6 11 
2 8 10 11 12 
9 12 15 18 19 21 23 
5 6 7 8 13 
4 5 7 8 9 11 
5 6 9 
12 13 15 16 21 20 19 
14 16 17 18 
3 4 6 
4 5 8 7 
5 9 11 12 14 15 16 
10 6 7 9 
3 4 7 8 11 
7 8 10 
10 11 15 
4 5 9 
6 7 9 
19 7 9 10 13 15 
9 2 
8 4 5 7 
4 5 6 
6 7 11 
6 4 
3 5 
6 8 9 10 11 
8 9 12 
8 9 11 
3 5 6 8 9 12 13 18 21 
7 9 
4 5 6 
10 12 16 17 19 
4 7 12 16 17 20 
6 6 
4 5 6 
3 5 6 7 9 
2 5 6 8 9 10 12 
8 3 4 6 
3 5 7 
3 7 
3 5 
3 19 6 
4 5 7 13 15 16 18 
5 11 19 13 14 18 
3 5 6 9 10 12 
4 6 12 9 
4 5 6 
11 13 16 17 19 
5 6 8 
7 9 11 13 14 16 
3 10 11 12 14 
5 6 9 
3 8 10 
19 5 6 7 10 11 12 14 
9 4 5 8 
4 5 7 
5 4 
3 20 6 7 9 10 11 14 
3 8 11 
9 11 
6 7 10 
14 17 19 
6 7 10 
6 9 10 
4 5 7 
4 5 6 
14 4 5 9 
3 4 6 
3 6 8 
3 6 7 10 
12 13 15 
5 9 13 14 15 18 
2 3 5 6 7 
5 10 11 
5 6 9 
10 40 41 43 44 46 47 48 52 50 
3 4 6 
5 8 11 
2 4 5 9 
6 9 
3 4 9 10 12 13 15 
11 16 17 20 
4 18 10 13 14 16 
10 12 
9 11 14 15 16 18 20 22 23 24 32 
8 9 10 12 
4 6 7 9 10 11 15 
2 4 5 8 
3 6 21 22 24 29 30 
19 2 13 14 18 
3 7 10 
4 3 
4 5 8 7 
9 2 3 7 
4 5 7 
2 7 8 9 11 12 15 
3 4 
5 9 11 
11 8 9 10 
16 3 5 7 8 9 
10 3 4 5 8 
7 8 13 
7 9 11 12 13 
2 19 20 24 25 27 
2 3 7 
9 13 14 16 
3 5 6 8 9 10 
11 3 4 5 6 9 
4 11 12 15 16 17 
8 10 
2 4 7 8 10 
4 5 7 11 12 
15 4 7 8 9 
10 3 4 6 
9 10 11 
7 8 10 
4 5 7 
5 6 8 9 11 
7 8 11 
11 12 15 
3 6 9 10 12 13 15 
9 2 3 4 
6 8 
7 24 26 
5 6 8 7 
5 6 8 10 12 
4 7 8 
11 10 
4 6 11 
17 8 9 11 12 13 
2 5 7 9 10 
3 5 7 8 11 15 19 20 22 
7 8 9 12 
4 7 9 
9 10 12 13 16 
6 12 14 15 17 18 19 
2 6 12 14 
5 6 11 
3 7 9 10 11 13 14 16 
4 5 7 
10 11 13 
3 6 8 
8 9 11 
16 19 20 22 
6 8 11 
8 9 10 
11 12 13 15 
5 6 8 
12 1 2 3 
3 7 
3 7 9 
11 16 18 19 21 
7 9 11 
8 2 3 7 
3 14 16 23 25 
3 9 13 14 
3 8 
3 6 
3 6 20 
6 7 8 9 14 16 17 20 
2 10 13 
2 5 8 9 10 
4 6 
2 4 6 12 14 16 
10 2 3 5 
6 7 
3 5 7 
7 2 3 5 
11 11 
13 7 10 
2 6 25 27 29 34 35 36 
16 5 6 10 
4 2 
8 10 
2 5 10 12 13 15 
5 6 9 12 16 15 14 
4 5 6 
3 6 16 17 18 20 
2 3 4 7 8 9 11 12 15 
9 4 5 8 
4 6 
6 5 
4 5 7 
5 6 8 9 10 
17 4 7 
23 12 3 5 6 9 
5 6 7 
10 11 13 17 19 23 
3 5 
3 4 7 
4 5 7 8 9 
3 8 5 
7 8 9 10 15 
6 7 9 
4 5 
5 11 
10 1 2 5 7 
2 8 9 16 17 20 
11 13 15 18 
12 5 6 8 
4 8 
4 7 6 
3 6 7 
4 5 8 
6 8 
8 3 4 6 
4 5 7 
2 13 15 16 19 22 
5 6 10 
5 6 8 
5 6 7 
15 21 
5 2 3 4 
13 15 18 20 21 23 
2 4 5 7 9 10 12 13 15 
3 4 7 
7 10 12 
24 5 9 12 14 15 19 
4 8 10 
3 6 9 
3 8 11 
4 6 9 12 
6 7 9 
3 5 6 7 
6 6 
6 7 8 11 
13 4 6 7 10 
2 11 13 
4 5 7 
15 16 18 
13 15 
7 9 13 15 16 18 19 21 
6 7 8 
9 4 2 
3 4 
2 4 5 7 
2 3 5 
7 8 12 
5 8 
12 1 3 4 6 
3 4 6 
2 3 4 6 8 
3 27 28 29 
3 7 8 10 12 13 16 15 
7 5 
4 5 8 
3 6 10 
16 4 11 13 
3 10 14 15 
5 7 8 10 
26 1 10 3 6 8 
1 9 3 4 6 
5 6 7 
6 15 11 
13 1 5 9 
4 5 94 7 23 26 28 31 45 50 58 59 60 
2 4 5 6 
3 5 
10 15 18 19 21 
5 8 11 
16 1 2 4 5 6 
9 10 11 13 
3 4 9 
7 17 18 19 21 
6 8 
3 6 8 
3 4 6 7 9 
3 5 9 11 26 27 28 30 
7 8 10 
5 6 7 8 13 
4 9 11 13 16 
2 5 7 13 14 16 
5 8 14 
10 11 14 
2 4 7 
5 6 7 
8 2 3 5 
11 2 4 5 9 7 
17 3 4 5 6 8 9 11 
6 10 13 14 16 
5 6 7 
2 3 6 7 8 10 
3 12 9 
5 15 24 29 30 32 
5 7 8 9 10 13 
8 10 12 
4 7 9 8 
4 5 8 
7 8 12 
3 5 
4 8 10 
3 5 
3 4 7 
5 6 7 
5 6 9 
6 7 9 
17 8 9 10 12 13 15 
3 6 9 
6 7 9 
11 14 15 17 18 21 
5 6 7 
3 5 
9 11 16 18 24 25 27 
6 1 2 3 
14 15 18 
6 8 11 
11 2 3 6 7 9 
15 19 22 23 25 
2 3 6 8 
11 12 13 
21 2 13 16 
6 7 9 
5 6 8 
4 5 7 
2 4 5 10 11 13 
4 6 15 17 18 21 
6 8 9 12 
9 8 
8 11 13 
3 6 7 11 
19 20 22 
3 6 10 
6 3 
11 6 7 8 
6 11 12 14 
2 11 13 
6 7 8 
4 5 8 7 
5 6 11 
6 2 3 5 
14 15 17 
9 13 16 
4 5 9 10 14 
4 5 6 
5 6 7 9 
2 3 4 6 
2 9 10 11 12 13 
3 4 5 
3 6 
2 4 7 9 10 11 
4 8 12 
3 5 
8 10 12 
3 5 
3 4 7 
3 5 8 
5 6 10 12 
4 14 15 17 
3 6 
5 10 12 
3 5 8 
4 8 9 10 
6 11 
14 1 3 
5 6 8 
2 4 5 7 8 10 
4 7 
4 5 7 8 10 
7 12 13 16 18 19 20 
4 5 10 9 
12 1 2 4 5 7 8 9 
4 5 6 7 8 
4 5 9 15 16 18 22 
17 6 10 13 
23 9 10 13 
4 5 7 
3 6 8 
3 10 15 17 18 21 
2 15 17 19 20 22 
2 7 
11 3 4 5 6 9 
4 5 7 8 9 
3 6 12 13 14 15 18 19 21 
5 6 9 
4 5 8 
3 7 6 
4 5 6 7 8 10 
2 3 11 17 18 20 21 
4 10 11 13 
5 8 
2 5 6 8 
3 4 5 8 10 12 
7 9 11 12 15 
6 7 9 11 12 
4 9 11 12 14 
2 8 10 11 13 
24 18 19 20 
3 6 8 9 11 
6 8 11 12 13 
12 14 
7 10 12 13 15 
6 7 9 13 
7 9 11 
4 6 8 
8 9 13 
4 11 13 17 
3 5 
4 5 6 
2 3 5 7 9 11 14 13 
3 11 13 16 18 
6 7 10 
7 11 12 16 17 19 
3 6 8 
7 12 13 
2 7 9 10 11 
3 4 11 
3 5 7 
9 10 11 
8 11 
12 1 6 9 
3 5 7 
10 21 23 25 26 27 30 
3 4 7 6 
2 7 10 11 12 15 
6 12 14 
11 8 10 
3 6 16 18 19 21 
5 6 8 
3 7 9 12 14 16 
6 8 10 
4 5 8 9 10 13 
13 15 16 18 
5 6 7 8 10 
21 24 
10 10 
14 3 4 5 7 
5 9 11 
8 9 10 12 14 15 17 
7 3 4 6 
1 3 4 7 
4 10 
4 5 15 10 11 13 
16 7 8 9 
15 14 
16 19 22 
13 16 15 
7 8 12 13 15 16 19 
4 10 13 
4 5 9 
2 3 4 7 8 11 
14 7 12 
3 6 
8 9 11 
9 12 14 
12 14 15 
5 6 7 
10 14 17 18 
2 6 9 
4 8 11 12 15 
3 6 9 11 12 14 
9 3 4 7 
5 7 8 10 11 15 16 17 
3 4 7 
7 8 10 14 
4 5 8 
2 5 7 8 10 
4 5 7 
2 4 8 6 
3 4 6 
7 12 14 15 19 
9 9 
3 4 7 
3 5 7 8 10 
3 4 6 
3 20 21 22 24 25 26 
10 2 3 5 
29 3 6 9 
8 25 20 
3 4 
3 4 6 11 
2 5 
6 7 10 
6 13 16 18 
3 6 8 
8 10 12 
3 4 6 
3 5 6 7 9 
4 5 7 
6 7 10 
12 22 16 17 18 
2 5 8 
10 11 13 14 15 17 19 20 
4 5 7 
2 17 21 22 23 25 26 28 
9 10 12 
5 6 8 
7 9 12 
10 13 15 16 18 
3 5 7 
4 10 9 
4 5 7 
3 10 12 13 15 
4 16 20 
5 7 8 10 
5 11 13 
4 5 7 
3 4 7 
13 21 20 
11 12 14 
7 10 13 12 
4 6 9 11 
3 12 15 17 19 24 25 26 
4 5 6 10 
8 9 11 12 13 14 16 
3 6 8 9 10 
3 4 8 
12 8 9 10 
3 7 15 18 
3 5 
9 10 12 
3 4 9 
4 7 8 
15 3 8 5 
7 11 13 
11 2 4 6 7 
3 5 6 8 
4 5 7 
10 2 6 
21 8 11 12 13 
3 5 6 7 
5 6 9 
4 5 9 
2 3 4 5 6 
6 7 9 
5 2 
5 6 7 
4 6 9 10 13 
2 4 5 7 8 10 
5 6 8 
4 5 8 
5 18 19 23 
3 6 9 13 15 
3 6 8 
3 6 10 11 14 
3 9 12 
5 7 8 
15 37 
11 6 7 9 
5 18 20 23 
5 10 11 
4 5 8 
14 8 9 10 12 
11 12 13 
4 5 7 
3 5 7 
11 14 16 
6 6 
3 4 6 10 13 14 16 
5 7 8 20 23 
3 12 13 16 17 21 
7 8 11 
2 5 
7 8 12 
3 7 9 
4 9 11 12 13 
9 2 3 7 
4 5 7 
6 7 9 
5 6 11 
10 6 
2 4 6 7 9 
6 7 9 
6 8 11 
2 10 13 19 
7 8 11 
4 12 15 17 
4 10 
2 3 5 
12 18 14 15 17 
3 4 
5 10 11 
3 5 13 
6 3 
6 7 8 11 13 
3 6 9 
12 14 16 
14 6 7 8 
3 7 9 10 11 
14 5 8 9 
9 13 
22 2 8 12 14 15 17 18 21 
4 5 6 9 
6 11 
13 14 17 
4 5 6 10 11 12 15 
10 11 12 
6 7 9 
23 26 27 29 31 32 34 
5 6 11 15 
6 8 10 
4 5 7 8 9 12 
19 21 22 
43 17 18 21 23 26 29 30 33 
8 2 3 7 
9 10 12 
4 7 12 13 15 16 20 
6 8 
12 14 15 16 18 
40 16 20 21 22 23 24 27 
2 5 7 9 10 12 
15 1 4 5 7 
2 3 6 7 8 10 11 
3 10 6 
13 14 16 
2 3 6 7 9 
4 5 7 
7 2 3 5 
2 5 6 8 9 10 
3 4 6 
13 14 15 16 18 
3 5 7 8 10 
6 9 11 12 13 
4 5 6 10 12 
6 12 15 18 
3 5 
3 4 6 7 8 
2 3 4 6 7 9 
5 6 11 
4 5 6 
6 2 3 5 
9 3 4 5 8 
4 6 7 9 
5 8 9 
7 2 3 6 
2 8 10 13 16 
8 9 12 13 15 
3 4 6 
17 21 23 
22 1 3 5 9 11 13 15 16 19 
32 29 
8 31 33 36 37 39 
2 5 7 11 
6 9 10 13 14 16 
15 2 3 6 5 
3 4 5 
5 6 8 
4 6 8 19 22 23 24 
9 10 12 
2 11 12 14 17 21 24 25 28 29 30 32 
6 8 9 10 
6 11 14 
10 13 15 
11 12 14 
4 5 9 
2 5 7 
4 7 9 10 11 14 
5 6 9 15 
3 5 
7 5 
10 3 4 6 7 9 
7 8 11 12 13 17 
15 3 4 5 7 8 11 
4 7 8 12 13 14 16 
4 7 9 
20 28 23 24 27 
4 5 9 
9 15 19 22 
2 9 13 14 16 
9 19 20 23 24 25 
7 8 10 
2 3 4 6 
6 7 9 
10 11 14 15 17 
3 5 14 27 18 16 
4 8 11 
4 5 7 
3 5 7 
3 4 
8 2 3 4 6 
2 4 18 7 8 11 12 14 15 17 
6 7 9 10 12 
22 4 10 12 14 16 
3 5 9 
3 6 7 
4 3 
4 6 
4 5 8 
5 6 7 
5 6 10 
6 10 13 
4 5 7 
3 4 
5 7 
5 6 8 
2 9 10 11 13 15 16 
7 8 9 14 
8 9 12 
2 4 6 7 10 
3 6 8 
4 5 8 
10 2 3 5 
4 6 7 8 
8 8 
3 4 5 7 8 9 
6 7 10 
3 4 7 
16 8 9 11 
8 8 
4 6 8 9 11 
7 8 
4 7 8 
3 7 10 12 
2 14 9 10 11 
7 15 21 23 24 26 
5 6 7 
6 2 3 5 
5 6 10 
2 5 6 7 8 10 
7 8 11 
6 8 
3 6 8 
13 2 6 7 9 
8 2 3 4 7 
25 20 21 23 
4 5 7 
3 4 7 
2 6 7 10 12 
4 5 7 
5 11 
3 4 5 6 8 
4 9 7 
9 11 12 15 
11 17 20 
6 7 8 
7 8 10 
8 10 11 13 14 16 
4 5 
2 4 5 8 
3 6 
7 8 9 
5 6 10 
2 5 7 
4 13 16 
21 3 5 6 9 
5 6 8 10 
2 6 7 10 11 12 14 15 19 
3 6 11 14 20 26 29 31 32 33 
5 10 12 13 16 
2 16 18 19 22 
4 5 7 
12 13 19 
11 4 6 
5 6 9 
2 6 8 9 11 
4 5 7 
8 2 3 6 
8 21 11 15 16 18 
3 5 
2 5 6 7 
8 3 6 
6 8 9 10 17 20 23 24 25 28 
2 7 9 
6 8 10 11 
3 4 5 9 
2 7 9 11 
5 6 8 9 11 
4 6 9 13 
5 6 7 14 16 18 
4 5 8 
4 5 8 14 20 
10 3 4 5 
5 6 8 
6 10 12 13 15 
22 24 26 
7 9 11 14 
3 4 5 
27 2 3 4 
3 5 
8 9 11 12 13 14 
7 9 12 
4 8 10 12 
9 10 11 14 15 17 
2 10 11 15 16 18 22 
12 2 3 5 7 10 
5 6 10 
2 3 6 
4 6 12 19 21 
5 6 8 
18 23 25 26 27 
6 10 17 18 20 
4 5 7 
3 6 7 8 9 
12 13 15 16 19 
3 12 10 
8 9 11 
2 8 9 15 
3 6 
3 5 
4 5 8 
3 5 7 
13 2 3 4 
28 29 31 32 33 
6 7 9 
10 10 
21 1 2 3 6 9 
4 5 7 15 11 12 14 
12 13 15 
13 4 5 9 
6 8 10 12 
5 8 
5 6 8 14 16 17 19 
2 5 6 
11 2 3 6 
2 9 10 14 15 17 
4 12 8 9 11 
3 5 6 9 
4 5 
3 4 5 6 
4 7 11 13 14 16 
4 6 8 9 10 14 15 17 
4 5 6 9 
13 14 19 
4 8 10 
6 8 10 
3 5 7 
2 10 12 
4 14 18 20 21 23 28 31 32 35 
2 4 7 8 12 
7 11 12 14 
4 5 6 8 9 11 
13 1 2 5 6 8 
5 3 
13 3 5 
3 4 7 
7 6 4 
6 2 4 5 
4 7 9 
3 4 6 
2 4 5 6 
7 8 11 
8 12 13 14 15 17 19 20 
4 5 7 
7 8 10 
5 10 12 
6 10 14 
4 6 8 
2 4 6 
18 19 22 23 24 
3 7 9 
3 4 5 
8 5 7 
3 5 
5 6 8 9 10 
24 5 6 9 
2 4 6 
2 9 10 
3 9 8 
4 6 9 
6 9 11 12 20 
2 5 6 8 
3 6 
21 15 16 18 
10 29 
6 7 10 
5 7 8 
5 6 9 
7 8 9 
2 11 14 17 
25 6 7 9 
5 6 8 
5 6 9 
9 10 12 
4 5 7 
27 24 25 26 
2 4 6 7 9 11 13 15 
10 15 
3 6 7 
5 11 13 14 16 
4 7 9 
5 6 8 9 10 
3 5 6 8 
4 5 8 16 17 18 21 
4 5 9 
4 7 8 11 13 
3 5 7 
5 6 8 9 10 
6 2 3 5 
8 10 
11 2 3 4 7 8 
17 19 20 23 24 25 28 29 31 
3 6 
12 3 4 5 7 
36 12 13 14 
3 4 8 
3 6 8 
7 8 10 
4 5 7 
4 5 7 
3 5 6 7 10 
5 6 9 
5 7 9 
3 8 
2 7 9 
11 5 6 9 
20 23 
4 6 
6 7 9 
3 3 
4 5 7 
3 4 6 
4 5 9 
2 4 5 7 8 11 
12 13 17 18 21 
16 1 3 5 
5 6 8 
7 8 11 
2 7 10 13 16 17 19 
4 5 6 
10 10 
2 5 8 
2 4 6 7 
4 5 8 
3 4 5 
5 6 8 9 10 
6 7 8 
7 8 13 
6 8 9 10 
3 4 5 
3 5 
7 8 10 
4 5 7 
3 6 
4 5 6 9 
10 11 14 
9 10 13 
2 3 6 7 11 
2 3 6 11 13 
4 7 10 12 14 
7 8 9 10 12 13 14 
2 4 5 6 7 8 9 
6 8 11 
5 13 15 
4 10 
5 6 9 
3 9 12 
7 10 12 
2 11 12 
11 14 15 18 19 21 22 23 25 
3 4 
4 5 7 
4 7 9 10 12 
9 10 14 
8 9 12 
4 5 7 8 9 11 
3 5 
9 3 4 5 7 
4 5 9 
2 4 
17 3 4 6 
2 4 5 7 
18 19 
3 6 9 
5 14 17 
2 3 5 6 7 
5 6 10 
8 9 10 11 13 
7 8 10 
14 15 17 18 19 
7 8 10 13 16 
41 32 35 36 37 
2 14 15 16 
3 7 9 
3 6 9 
10 11 12 
4 5 8 
6 3 4 5 
2 9 10 13 14 16 17 18 21 
12 2 4 7 8 9 
11 14 16 21 24 41 42 43 46 
9 14 16 17 18 
2 9 12 
23 6 7 9 
3 5 8 
15 17 19 20 21 
2 5 9 
4 5 
16 17 19 
10 2 3 5 6 9 
5 6 8 
5 7 12 15 
7 13 15 
6 6 
5 6 8 
3 5 6 9 
4 8 
4 10 13 18 20 
11 2 3 5 
5 6 9 
10 11 15 
2 3 5 7 8 11 
12 2 6 8 
2 6 
5 6 19 23 
8 9 12 
7 6 
4 5 6 
4 5 6 
3 5 6 10 
17 2 3 4 5 6 
4 5 7 
5 7 8 9 10 
6 7 11 
2 3 5 
9 1 3 4 5 6 7 
2 10 12 14 15 18 20 21 23 
3 11 7 
3 5 8 
3 7 8 
4 13 14 16 
16 22 23 25 26 29 27 
3 4 10 
12 4 6 8 
16 3 4 6 
7 8 10 
29 7 3 4 6 
14 2 4 6 7 11 
5 6 10 
3 7 
10 1 3 8 
8 11 13 
3 6 8 13 
12 14 
9 10 13 
4 7 10 
8 9 12 
5 6 8 
9 11 
8 9 11 
6 8 10 13 
4 5 7 
6 1 2 4 
3 5 6 
3 6 8 12 
4 6 8 10 11 13 
4 13 16 17 19 
21 6 11 13 12 
4 5 8 
22 5 7 10 13 
4 6 
7 8 10 
14 15 17 
16 6 2 3 5 
3 5 7 9 
3 4 5 7 8 9 
4 8 
6 6 
4 5 10 11 14 
3 5 9 10 12 
6 2 3 4 
4 5 7 
3 8 9 10 12 13 16 15 
4 7 10 
7 2 3 5 
3 7 9 13 14 17 
2 19 20 24 27 
5 6 7 
12 7 2 3 5 
3 4 7 
4 5 8 
3 5 
8 2 5 
4 5 6 7 9 
4 6 
3 6 7 
3 4 6 
5 6 8 
9 1 2 4 6 
5 4 
3 4 7 
7 8 10 12 15 
3 5 6 10 
2 4 7 8 13 15 16 18 
6 23 25 31 32 34 
15 3 5 6 8 
3 8 
7 9 
3 4 6 
3 7 9 11 
8 9 11 12 14 
10 13 
15 24 28 30 
4 5 7 
3 7 
3 4 9 5 
3 5 
30 5 6 7 15 19 
7 8 9 12 13 15 17 
4 9 8 
16 2 5 9 11 
11 2 3 5 
4 6 7 
4 5 6 
6 2 3 5 
13 16 18 
2 8 9 11 
2 13 12 
6 7 10 11 13 
3 16 7 8 10 
4 13 16 17 19 
3 18 22 
9 1 3 4 5 
2 4 7 
3 7 9 
6 7 8 
3 5 6 
4 5 7 
3 4 6 
3 4 7 
5 6 9 
22 17 18 20 
4 6 13 15 16 19 
7 5 
5 6 10 11 12 15 16 18 19 22 
11 6 8 
13 3 4 7 
4 13 18 20 
3 4 8 
10 11 13 
16 18 20 21 23 24 26 
3 6 11 
5 9 12 15 16 18 
12 15 
4 16 18 20 21 22 
4 5 7 
4 5 8 
4 7 
4 7 10 12 
3 4 6 
2 3 4 5 9 
6 2 
14 16 18 20 
3 5 
3 5 7 8 11 
5 6 8 
4 5 7 8 14 
11 21 23 24 26 
3 5 6 9 
3 10 13 14 17 
4 5 8 
2 9 11 
5 8 9 
3 5 
7 8 11 12 17 
7 8 10 
22 2 3 5 6 7 
4 6 8 
3 8 10 13 
5 19 21 26 27 
2 11 14 
5 6 8 
7 9 11 
3 4 6 
3 4 6 
3 5 
4 5 7 
5 7 9 
6 7 9 
3 4 7 
9 10 11 13 
2 5 10 
2 6 8 9 13 
12 2 3 5 6 8 
4 6 9 10 11 
10 11 13 
13 2 3 4 6 7 9 10 12 
3 7 9 
9 10 11 
5 2 3 4 
5 5 
6 6 
6 7 9 
4 6 7 9 
4 10 12 13 15 
5 6 8 
4 10 12 13 16 18 20 
5 2 3 4 
5 6 8 
9 10 13 
3 4 7 
3 4 5 7 
20 1 2 6 7 11 
5 12 14 
6 6 
5 6 8 9 11 
15 17 18 20 
8 11 17 15 
5 6 7 
7 2 3 4 
6 4 
8 10 11 15 16 17 18 
18 5 7 9 
2 3 5 
17 18 20 21 24 
10 19 22 23 24 
4 6 7 
3 4 6 
18 20 23 24 26 
3 4 6 
2 5 7 
5 6 7 
7 9 10 12 13 15 
2 4 7 
3 6 7 10 
9 10 11 18 
5 6 7 
12 3 4 5 6 10 
7 3 4 5 
4 5 7 
10 11 14 
3 7 9 
21 26 
15 2 3 5 
4 5 6 
8 9 11 
3 4 6 7 9 
12 2 4 5 7 
3 5 6 8 
3 6 7 8 9 11 
4 8 10 11 13 
3 4 6 
4 5 7 
5 6 8 
4 5 6 
4 5 7 
2 3 5 6 11 12 14 
4 6 8 
9 4 5 8 
2 5 8 
26 1 5 7 10 17 18 24 
3 4 6 
2 8 11 
3 5 6 9 
2 5 7 
7 8 10 11 13 14 16 
10 22 26 
4 5 7 
5 8 11 
5 10 14 
13 5 7 8 
6 9 12 
4 5 6 
14 1 2 3 5 6 8 
7 8 9 
18 5 6 9 13 14 
3 4 7 8 11 
4 5 7 9 11 
3 6 
10 2 8 7 
7 10 12 14 17 
10 11 17 18 20 
8 10 
5 6 7 
7 8 10 
4 12 
4 16 9 
4 7 
7 10 15 17 19 
5 6 8 
3 4 6 
4 8 
4 6 8 10 
15 1 4 5 6 9 
3 6 
8 9 11 
4 5 10 
4 5 8 
4 7 10 
3 6 8 
7 8 11 
3 4 6 7 11 
4 5 8 
9 4 
3 5 10 11 
3 6 7 10 
2 6 9 
4 13 15 
9 1 4 
4 5 8 12 13 16 
6 8 
3 6 9 
3 5 
4 6 
4 6 7 
5 8 9 10 
3 4 
4 5 7 
4 5 7 
2 4 6 
11 12 15 
5 6 9 
3 5 6 8 
16 3 11 7 8 9 
2 7 9 
10 2 
3 4 6 
21 2 3 5 6 9 
3 6 9 
3 7 9 
6 1 2 4 
3 6 8 
4 5 9 
5 6 7 
3 4 5 8 
6 7 10 
5 10 13 14 15 
5 6 11 
3 10 12 13 15 
4 9 12 
5 6 7 
7 2 3 5 
3 5 7 
13 15 16 18 
4 5 8 
4 6 7 9 
2 5 7 
9 11 
8 9 11 
7 8 11 
12 13 15 
4 5 7 
3 5 8 
3 8 10 
3 6 9 
3 4 7 9 
5 7 13 
3 5 8 
11 12 14 20 
6 10 
7 2 3 5 
20 1 8 12 15 
7 8 10 11 14 
12 6 7 9 
7 9 10 11 
3 6 8 
2 7 
3 4 7 6 
2 5 7 8 9 
18 7 8 9 12 13 14 17 
7 8 9 10 14 17 
17 18 23 
3 7 
4 5 6 7 8 10 
5 6 8 9 12 
6 8 
4 5 8 9 11 
4 5 8 12 
6 7 9 
2 5 8 10 15 17 18 19 
4 5 8 
3 5 8 
18 5 6 7 
4 5 8 
28 3 13 14 
17 1 3 4 8 
5 9 11 15 16 18 
10 3 4 6 7 9 
6 7 17 19 
4 12 14 15 17 18 20 
4 5 8 
2 5 7 
7 8 12 13 16 
8 15 14 
7 10 
7 8 
4 5 6 9 
8 11 14 
4 5 9 
3 22 4 18 
2 4 6 7 9 10 12 
4 7 
2 4 5 8 
4 7 10 
5 6 8 9 11 
2 5 6 8 11 14 15 17 
2 5 6 8 
10 8 
3 4 14 5 7 
3 4 7 
8 6 
10 1 3 4 6 
8 16 17 19 20 22 
4 5 7 
4 7 9 
3 15 17 18 22 
11 4 6 8 
3 4 5 
4 6 
3 4 8 
7 9 10 11 
3 6 
3 6 7 9 11 20 13 15 16 
2 7 9 
4 5 6 8 10 
4 6 7 8 
6 8 9 10 
4 5 10 
3 4 6 
3 6 7 9 8 
4 5 7 
8 11 12 14 15 17 
12 2 6 
4 5 8 
6 7 9 10 12 
6 10 
3 4 9 
3 4 6 7 9 
3 5 
4 20 14 
3 9 11 
4 12 13 15 
17 5 8 9 12 
6 17 18 20 
2 4 5 6 
19 7 9 10 11 
6 8 9 10 11 12 13 16 17 19 
9 11 
8 4 5 7 
10 13 16 
16 1 2 4 6 7 10 
2 4 5 6 8 9 13 
7 8 11 13 
4 5 8 
3 6 8 
4 5 7 
4 5 6 
7 8 9 
4 7 9 
6 7 9 
3 6 
3 5 7 
7 8 12 
5 6 8 
16 3 4 5 8 9 11 12 15 
3 4 6 
13 18 21 23 
2 5 7 
3 4 5 7 8 9 
2 9 12 15 
7 8 10 11 12 14 15 17 
4 6 
4 6 8 
3 6 8 
40 1 2 10 11 12 14 15 18 
6 8 10 
14 4 5 7 
5 6 7 
3 6 8 
2 5 
3 4 6 
11 13 16 
10 11 14 
3 4 5 7 
7 2 3 5 
5 9 13 
2 5 7 
5 8 13 
3 6 8 9 10 
1 3 4 7 
5 6 7 
4 5 6 8 
4 5 9 
6 7 8 
4 5 8 
5 7 8 9 11 13 14 16 
4 10 12 13 15 18 38 22 26 27 29 
5 8 
3 7 8 9 10 11 12 
6 7 8 
6 8 
2 6 11 
8 21 23 26 28 29 31 
9 13 15 16 19 
3 4 6 
4 5 
2 5 10 14 
4 8 10 
2 7 10 
10 10 
14 2 3 7 8 11 
3 5 
8 10 
5 7 10 
13 16 18 
7 9 10 12 
3 4 6 
5 6 9 
5 6 8 
6 12 14 
3 8 11 
6 7 8 
2 5 7 
3 5 
4 5 8 9 10 16 18 22 
8 3 4 7 6 
4 5 9 
3 5 8 
25 5 13 23 24 
4 8 
4 6 9 
4 5 8 
6 7 11 
7 8 10 
5 18 19 21 
5 6 9 13 12 
4 5 8 
3 11 
4 6 7 9 
7 8 10 
5 6 8 9 11 
2 9 11 
4 6 9 10 13 
3 8 10 
4 5 7 
4 5 6 
4 5 8 
3 5 6 7 9 10 24 
6 7 8 
4 6 8 
3 6 
4 6 8 
8 2 3 5 
2 7 10 12 
10 11 13 
2 5 6 
3 4 9 10 13 
12 2 9 10 11 
4 5 7 
3 5 6 7 9 
8 8 
3 5 
10 11 13 
10 3 4 5 7 
4 6 8 9 11 
5 11 13 14 15 17 
3 6 
6 11 13 
6 7 9 
5 6 8 
17 1 6 10 
4 8 11 
4 5 16 7 
3 4 6 
4 7 
3 10 7 
6 7 9 
4 5 10 
3 4 6 
4 3 
3 4 8 
4 6 
2 5 8 
13 3 4 7 8 11 
7 8 9 11 15 16 18 
5 4 
7 2 3 5 
3 8 9 11 13 12 
8 10 
4 6 7 8 12 14 
3 4 
7 17 19 20 21 
5 6 8 
6 7 10 
6 7 9 10 11 13 
3 4 6 
7 9 
8 9 12 
3 11 12 16 25 
3 5 
5 7 
10 14 
4 5 7 
5 10 12 
3 7 
3 4 5 8 
2 6 7 9 12 13 14 16 
3 5 8 10 12 13 14 15 16 18 
9 12 13 
5 6 7 10 11 12 
3 5 
7 1 3 4 5 
4 6 9 10 13 14 16 
8 9 11 
3 4 6 7 10 
15 18 19 21 
3 4 6 
3 6 12 13 16 
3 5 6 10 
3 12 8 9 10 
7 10 
6 7 12 13 14 16 
4 5 7 11 12 14 
3 9 11 
4 6 10 11 13 
9 10 12 
2 5 7 
2 12 13 
8 15 9 10 14 
2 14 8 9 11 
7 8 11 
7 8 11 
17 3 4 
11 2 4 5 8 
3 6 7 8 
4 5 6 
4 5 8 9 10 
3 16 18 
8 8 
4 5 9 
6 10 
7 8 12 
9 10 11 12 15 19 
3 4 6 
14 2 3 5 6 10 11 12 
7 9 10 
5 6 7 
8 11 12 14 
7 8 10 
13 1 6 8 9 11 
4 5 7 
7 8 10 11 13 
6 8 12 
2 4 8 
7 9 15 
3 7 8 10 
5 10 11 12 13 
8 16 18 19 20 
3 5 10 11 15 
3 12 13 16 
17 5 6 8 
16 19 21 24 26 27 29 30 32 33 34 
3 5 7 
4 5 6 
4 5 8 7 
4 12 17 26 30 33 34 36 
5 6 8 
2 4 7 
8 20 19 
3 5 6 10 
3 10 13 15 
9 12 13 14 16 19 22 
4 5 8 
3 4 5 9 
4 7 8 10 14 15 17 18 20 
6 8 9 10 14 
2 4 
7 10 11 12 13 16 
17 20 22 25 
4 5 7 
3 5 6 8 
2 4 5 8 
3 4 6 
4 7 8 10 11 12 
6 7 9 10 12 19 
5 7 9 
6 7 10 
2 5 6 9 
16 4 6 10 11 14 
5 8 11 
3 7 9 11 12 14 
4 6 
5 3 
9 12 15 16 18 19 21 
7 9 
6 7 11 
4 5 6 
8 14 15 16 
6 7 9 
14 15 17 
10 1 2 3 4 6 7 9 
11 12 13 14 
14 3 4 5 7 
10 11 13 
7 8 10 11 13 
14 3 4 6 7 8 
12 2 5 7 
3 5 
3 10 13 14 16 17 18 
3 6 
4 5 7 
4 8 10 9 
3 5 6 7 
2 4 5 6 
3 5 6 7 
4 7 9 
2 6 7 8 9 11 14 15 16 
6 2 3 4 
6 7 8 
4 6 8 
7 3 4 5 
3 5 7 
14 4 6 8 9 11 
3 4 7 
7 8 10 
14 4 7 
11 12 15 
2 6 13 15 17 18 20 
4 5 6 
2 4 7 9 10 12 
13 2 3 5 6 7 8 9 12 
5 9 11 
3 5 7 
4 5 7 
4 10 13 17 
5 7 14 15 
23 2 3 4 5 8 
3 5 7 
5 6 8 
5 6 9 
12 2 3 6 7 10 
4 5 8 
3 4 7 
4 6 8 10 
7 7 
3 4 5 8 
3 5 
3 4 6 11 13 
6 9 
10 11 14 
4 5 7 
4 5 7 
2 4 7 8 9 12 13 15 16 17 19 
18 19 21 22 23 
9 11 
5 6 8 9 10 11 13 
6 6 
6 7 12 
9 2 3 5 6 7 
3 4 6 
3 4 5 
3 6 8 
2 7 8 10 
5 6 9 10 11 
5 6 7 9 
2 7 8 13 
3 6 
2 6 7 11 10 
21 2 12 13 15 
4 5 6 
5 9 10 11 
5 19 28 29 31 
2 6 8 
6 7 9 
3 4 6 
4 5 10 
4 5 8 12 13 15 
7 3 4 5 
12 14 15 17 
16 18 19 24 25 27 
3 4 6 
21 6 7 10 12 
4 8 10 11 12 
16 7 8 10 
12 7 8 10 
9 1 5 
2 14 4 5 7 9 
4 20 22 23 24 
10 2 4 7 9 
6 7 9 
3 5 
4 6 
4 6 
4 10 12 
2 6 7 
6 7 10 
3 4 7 
4 7 8 
14 2 5 6 8 
3 7 15 20 22 23 25 
3 4 7 17 18 19 
5 6 8 
20 6 8 11 
7 8 11 
10 3 4 7 
11 12 13 
3 4 5 6 8 9 11 
6 7 9 
10 11 16 
4 5 6 
6 7 10 11 12 13 15 
10 20 24 
5 6 7 
10 11 14 15 16 18 22 
5 7 8 12 
4 5 10 
3 4 5 8 9 11 
5 8 11 
7 9 10 13 
3 5 7 
8 12 14 
4 5 8 
11 14 
3 4 8 6 
5 6 8 10 12 
3 4 5 6 9 
5 7 9 
23 24 26 
12 14 15 20 17 
3 4 6 
4 3 
3 4 7 
4 9 11 13 
10 11 16 18 19 20 23 
4 5 11 
14 15 18 
18 19 21 
11 4 5 6 9 
4 8 14 16 17 19 
2 5 
3 4 10 7 5 
7 9 14 15 17 
3 6 7 
2 15 17 18 20 
16 17 18 19 20 22 
3 4 7 
17 19 20 23 22 
2 5 7 
4 5 7 
6 7 9 
6 7 10 
3 6 9 
6 17 
11 14 15 21 23 24 25 
5 7 9 
4 5 8 
3 6 8 
11 1 2 5 7 8 
3 7 8 10 
7 12 13 15 
4 6 9 11 16 19 
9 14 17 
7 8 10 12 14 
2 7 9 10 12 
15 16 19 
3 5 7 
4 9 10 12 
6 17 18 21 
2 4 5 6 
5 6 9 10 11 
3 8 
13 7 8 11 
6 7 8 
4 5 6 
8 9 12 13 15 
7 8 13 10 
3 5 6 7 
4 6 
10 4 5 6 9 
2 3 
2 5 4 
6 3 
4 5 7 
5 2 3 4 
4 6 8 
4 6 9 
4 7 
4 5 
4 5 7 
6 7 9 
3 4 6 
2 6 7 
3 4 6 
5 11 13 
16 3 4 5 
4 5 7 8 9 12 10 
3 7 9 12 14 
3 6 
8 15 11 12 14 
5 7 8 10 
3 4 7 
7 8 10 12 14 23 
5 6 10 
7 8 11 12 14 
3 4 8 
5 7 11 14 
16 2 3 5 
3 8 10 
9 9 
10 1 5 
6 7 9 
2 9 15 17 19 20 
4 5 7 
6 8 10 11 12 
7 10 12 
4 8 10 
3 26 19 20 22 23 25 
3 4 6 
9 11 
3 5 
7 10 
2 10 12 15 
17 4 8 9 12 
5 6 8 
4 5 6 
4 5 7 
5 6 7 
5 6 9 
4 5 8 
4 5 8 
3 21 22 
6 7 10 
4 10 8 
5 6 7 
5 6 8 
1 11 14 
5 8 10 11 12 
5 6 8 
6 8 
8 2 3 4 5 7 
6 7 11 
5 6 8 10 12 
5 6 8 
3 4 6 
3 5 6 9 
3 6 
8 9 11 
4 12 14 15 16 17 
7 15 
4 5 7 8 10 
3 5 6 9 
13 2 5 7 
10 12 
11 13 16 18 
10 13 17 
4 5 
5 6 8 
5 16 18 20 24 26 
3 5 6 7 
2 5 
3 6 
7 9 12 
3 5 
2 7 9 
4 5 8 9 10 13 14 15 17 
3 4 6 7 9 11 12 14 
10 5 6 8 
3 4 6 
4 8 9 11 
8 2 3 4 6 
11 12 15 
2 5 7 
3 5 7 
4 5 8 9 11 
1 13 29 
7 8 10 
3 6 
6 7 10 
33 1 3 15 16 20 
14 5 8 9 11 
14 16 17 19 21 24 
5 18 20 
3 11 12 17 16 14 
6 7 11 
8 9 11 12 13 
8 10 12 15 16 18 
7 9 10 12 
4 7 10 
3 7 8 
7 8 13 
10 11 13 
3 6 9 
4 5 6 
4 11 15 
11 13 14 16 17 19 
9 14 12 
4 5 11 
4 7 11 
3 4 6 
15 14 
4 6 
3 4 8 
18 3 5 7 8 9 11 
15 19 23 
3 6 8 
3 4 6 
3 7 
3 4 6 7 9 
4 8 11 
7 8 9 
2 3 5 6 9 
4 8 13 15 18 20 21 
4 9 10 13 
5 7 
2 4 5 6 8 
4 5 7 
8 10 15 
3 7 9 
3 4 6 7 9 
5 2 
5 14 18 
2 7 8 9 
4 7 8 
8 2 3 5 
3 5 7 
6 9 
4 6 9 
12 14 16 
8 9 
6 12 14 
5 7 
11 12 14 
2 4 7 8 9 
9 2 5 
6 8 10 11 13 
5 9 12 
5 6 8 10 
3 4 6 9 13 14 17 
6 8 9 
4 5 8 
3 5 6 
16 2 10 11 13 
2 8 9 12 11 
3 4 8 
9 10 12 13 15 
14 3 4 5 
2 5 8 9 13 
3 7 10 11 13 
4 5 7 
5 6 10 
4 8 
3 6 7 
1 3 4 6 
5 7 10 
3 5 
3 4 6 
2 8 11 12 14 
4 13 14 19 
12 4 6 8 
9 3 2 
5 2 
4 11 14 
4 5 8 
4 6 7 8 9 10 12 
10 13 
10 16 17 19 
7 8 22 19 10 
2 10 11 12 14 
4 6 
2 6 8 
4 5 7 
2 4 5 7 
7 9 13 18 21 24 
3 6 9 12 
4 5 7 
11 12 19 
39 2 4 30 33 
3 15 7 8 10 11 14 
5 6 9 
4 5 7 8 10 
4 10 12 
16 3 5 7 9 
5 7 8 9 
4 6 
7 2 3 5 
8 9 11 
8 9 11 
4 5 8 9 10 13 
18 2 3 7 8 10 11 12 
4 7 8 10 
4 7 
3 5 
4 8 
7 13 15 16 23 26 27 29 
7 3 4 6 
4 6 7 10 
6 7 9 
24 5 7 
12 5 7 
3 4 6 
3 5 
10 13 17 16 
3 4 6 7 9 
3 4 6 
2 5 7 8 10 11 12 
3 12 13 20 
4 9 11 13 16 
5 1 2 3 
7 11 19 17 
15 10 12 
10 2 4 5 7 
2 7 8 10 
16 1 7 5 
3 9 12 14 
9 2 3 4 5 6 8 
4 5 7 8 9 10 14 11 
18 1 3 4 5 
2 13 15 
11 12 14 
3 7 9 10 15 16 18 
4 5 7 
4 14 15 18 
3 7 5 
6 7 12 
22 8 4 
4 14 15 
2 3 4 6 
3 5 
10 7 9 
2 11 15 
3 4 7 
3 8 10 11 12 
7 10 
6 7 10 
3 5 9 12 14 16 
3 4 6 
21 22 26 
10 7 5 
3 7 10 
3 6 8 11 
3 5 
4 6 5 
2 9 10 
10 5 6 8 
13 6 7 9 
3 6 8 
8 3 4 7 
4 5 8 
2 5 6 7 9 
7 8 10 11 13 
14 20 22 
5 8 11 13 14 16 
8 9 12 
4 7 9 10 
14 16 18 
2 12 16 
21 23 25 27 28 30 
5 6 9 
12 15 16 18 
2 6 8 
2 7 10 15 
12 9 10 11 
12 2 3 5 
4 8 10 11 
3 4 8 9 11 
6 7 9 
6 7 10 11 13 
12 2 3 6 
14 7 10 
4 5 7 
3 5 6 9 
3 5 
3 6 9 
2 4 5 19 21 23 25 
4 6 
6 2 3 4 
1 12 18 20 
10 11 14 
4 7 
3 11 13 14 16 
2 4 5 7 
4 7 8 11 12 
3 6 8 
6 7 8 
1 7 8 12 13 17 
7 8 10 
4 5 8 
5 30 22 27 
3 5 6 
5 6 10 
4 5 6 
2 4 7 
3 4 6 
2 4 5 8 
4 5 7 8 12 
7 9 11 12 14 15 18 
3 5 8 
9 9 
3 6 8 
5 6 9 
2 5 9 11 18 13 14 17 16 
27 33 
5 6 11 
12 13 14 18 
4 5 7 
3 4 6 
6 7 8 9 11 
5 6 8 
7 8 12 
7 4 
5 6 7 
3 4 6 
12 13 14 16 17 19 
13 1 2 4 5 8 
6 8 11 
5 7 
7 8 9 
4 8 
3 4 7 
3 13 15 23 25 26 28 
3 4 6 
3 4 
3 2 
5 6 9 
3 6 8 9 10 15 
4 13 14 18 16 
6 8 10 
7 8 11 
7 8 
4 9 
7 14 16 
8 9 11 12 13 17 
8 9 11 
10 4 
3 5 
10 11 12 
7 8 13 
4 7 9 
2 18 19 20 
3 5 7 10 13 
27 28 29 30 32 
4 10 18 19 20 22 
10 11 
3 6 
12 14 
8 10 
8 9 11 
8 9 10 
3 4 6 
2 5 7 
3 5 10 
3 7 9 11 
4 6 9 
4 5 8 
21 5 7 8 10 11 13 
14 1 8 9 11 
8 9 11 12 13 15 19 20 22 
7 2 3 6 
2 9 5 6 8 
2 3 4 
3 5 7 
4 5 9 
2 4 5 8 
6 9 11 
4 5 7 15 20 21 23 
4 7 
10 18 
3 19 13 14 17 
5 6 8 
5 24 25 27 
3 6 9 
6 7 9 10 11 14 
2 5 7 8 10 
9 17 18 21 
2 7 8 11 
3 5 8 12 15 
15 16 19 
4 6 8 
4 6 
4 5 8 
7 11 12 13 
6 9 11 
4 5 8 
4 7 9 
10 14 16 17 19 
3 6 
4 6 9 
2 4 5 8 
17 21 22 25 
4 5 6 8 
13 14 16 
4 5 6 7 8 
4 6 
4 5 10 
5 6 8 
4 6 10 14 15 
4 9 
3 4 6 
3 8 4 
12 5 7 9 
7 2 3 4 6 
9 12 
3 4 5 8 
10 22 17 18 20 
3 2 
4 19 21 
5 6 9 10 11 14 15 17 
8 10 12 
3 7 10 13 
3 5 7 
5 6 7 
2 13 17 
11 11 
5 9 13 11 
3 4 9 
5 6 7 13 
7 2 
4 6 7 9 12 16 19 
2 4 5 7 
8 9 
6 7 10 
8 2 3 5 7 
5 7 
3 6 9 
3 4 6 
3 7 
4 5 7 
4 5 6 9 
3 6 
2 5 7 
2 6 8 9 11 
3 4 7 
4 5 7 
3 4 7 
10 11 13 
5 6 8 9 12 11 
4 8 
3 6 
4 5 7 
8 9 11 12 13 
5 6 8 
10 11 12 13 15 
4 6 8 9 10 11 13 14 16 
7 8 10 
14 5 6 8 
4 5 11 
4 5 8 
15 18 20 
5 6 9 17 19 20 22 
4 5 7 
6 7 10 
23 2 11 12 13 16 
7 4 
4 5 6 9 
3 4 7 
4 5 8 
4 5 6 
3 6 
3 4 6 
3 4 6 
7 2 3 5 
11 13 16 17 18 
5 7 9 
5 6 10 
2 5 8 
3 5 9 
4 5 6 8 
4 5 8 
3 5 9 6 
6 7 10 
7 2 3 4 6 
14 15 17 
3 4 8 
3 4 6 
5 6 8 9 10 
3 4 6 
3 4 7 
4 7 9 
3 4 
5 6 8 
3 4 6 
7 8 10 
8 9 11 
4 6 7 9 
2 7 10 11 13 14 17 
3 6 7 12 13 14 16 
5 6 8 9 11 
7 9 
10 11 13 
9 10 13 
3 4 8 
4 8 10 11 14 
7 8 10 
16 17 19 20 23 
5 6 8 
5 9 10 11 13 
8 9 10 12 
7 9 10 11 
6 7 9 
2 4 7 
18 14 15 17 
3 5 7 8 9 
6 2 
3 4 6 
3 6 14 
4 5 8 11 12 14 15 16 17 20 23 
3 6 10 
2 3 4 6 8 10 17 20 22 23 24 
5 6 14 
2 4 13 10 11 12 
5 6 9 
17 18 19 
4 6 7 9 
6 13 16 18 
10 11 13 
3 4 6 
2 6 
3 7 
3 9 11 
4 5 8 
11 6 
7 8 10 11 14 15 16 
5 7 9 
4 5 7 
2 6 9 8 
2 5 8 
4 6 8 9 
22 2 3 4 6 7 10 11 12 13 17 
5 7 9 10 12 11 
2 5 9 
9 12 15 18 20 21 
17 22 25 28 
4 5 8 
4 9 12 
10 11 12 13 17 18 20 
9 2 3 4 5 6 7 
2 11 6 7 9 
3 4 6 
6 8 9 11 
4 5 8 
7 8 12 
5 7 9 10 12 
4 5 7 
9 11 12 15 
6 7 10 
10 2 4 7 
4 5 8 9 10 
2 4 5 6 9 10 14 16 17 19 
3 5 8 6 
4 5 7 
3 6 10 
3 4 6 7 8 11 
14 15 17 
12 15 18 
5 6 8 
2 3 6 7 8 9 11 
2 7 8 
14 7 8 9 12 
7 8 10 
15 2 6 7 9 
6 7 9 
3 6 9 
13 2 5 6 10 
12 13 14 16 
6 2 4 5 
2 5 7 
5 6 8 
4 5 9 
5 11 12 15 
10 1 4 5 7 
7 8 9 
10 12 
11 12 15 
3 6 8 
7 14 15 19 
5 6 8 
4 7 8 
4 11 13 30 17 18 19 21 
5 9 12 
7 8 10 11 13 14 16 
15 13 
6 10 14 
5 10 13 
7 8 10 
4 6 14 17 
3 4 7 
5 6 7 9 
4 5 7 
3 12 14 18 24 26 
4 5 8 
8 4 
3 4 5 
12 15 16 18 
3 6 8 
4 5 7 
3 5 8 
7 8 11 
8 9 11 12 14 
3 4 6 
4 6 8 
4 6 9 
6 7 9 
2 3 4 7 
3 6 7 8 
2 7 9 11 12 15 
2 4 5 7 11 10 
10 12 14 
8 9 13 
5 14 17 
3 4 5 
2 5 9 
21 25 26 28 
3 7 9 
2 4 15 16 17 21 
17 3 5 7 8 10 
4 5 9 
4 5 7 9 12 
3 5 6 8 10 
9 11 
6 2 3 5 
3 8 10 11 13 
11 13 
4 5 6 
4 5 7 8 9 
5 12 17 
7 8 11 14 17 
4 5 8 
7 9 12 
3 4 7 
13 2 6 7 8 
6 7 8 
15 4 6 
6 8 10 
5 7 8 9 10 12 16 13 
13 1 3 4 5 7 
3 5 13 19 20 23 
6 7 9 
2 5 7 8 12 
5 6 7 
12 16 23 
9 10 18 13 
3 5 6 8 
3 6 
5 2 3 4 
5 8 10 
7 10 
6 7 9 
2 9 12 13 15 
4 7 6 
4 5 8 10 12 
6 2 3 5 
2 3 8 9 10 
7 9 11 
3 6 10 
4 5 8 
3 6 9 
8 9 12 
3 6 
2 3 5 6 10 
3 6 9 10 12 
3 5 7 
3 5 
6 8 10 11 19 24 25 28 29 31 
8 10 12 17 21 24 
4 7 
5 13 14 17 19 
5 6 8 
2 5 7 
6 1 2 4 
2 5 8 
10 12 13 15 
12 14 17 
3 6 9 
3 13 14 18 
3 4 
5 6 8 
6 7 10 
2 4 5 7 
8 10 
9 3 6 8 
2 4 6 
3 4 5 10 12 14 
7 9 
7 31 16 17 18 20 
5 7 9 
5 6 8 9 10 11 13 
7 14 8 9 11 
6 7 12 
2 6 5 
4 5 6 
2 10 11 12 
2 16 4 5 7 
9 3 5 
4 12 13 15 
3 9 14 11 
2 3 5 7 9 10 11 
5 6 7 
3 6 
6 11 13 
21 3 7 
8 2 3 5 
25 28 29 31 32 34 
4 5 8 
3 4 9 
5 7 
5 6 11 7 
4 6 7 9 10 11 
2 8 9 10 12 
6 7 12 
3 4 6 
6 8 
6 7 8 12 
4 6 9 
5 6 8 
3 6 9 
4 5 7 
14 2 3 5 6 8 9 11 
2 3 4 8 9 10 12 
6 8 12 
9 11 
6 2 
4 5 6 
3 4 6 
9 7 
29 4 8 9 17 19 21 22 24 
5 6 8 
3 13 15 16 19 
5 6 7 
6 9 
7 10 
4 7 8 10 12 13 
3 4 7 
7 8 11 
15 17 20 23 
2 5 7 8 10 
5 6 8 
20 1 4 5 8 
7 10 11 
9 2 3 7 
10 10 
8 22 23 24 25 27 28 30 
8 9 13 14 16 18 
5 7 9 
3 7 
4 6 8 
11 6 
8 12 13 15 20 21 25 
3 4 6 
3 7 4 
3 6 7 9 
4 7 10 
5 6 7 
5 6 8 
7 18 21 23 24 26 27 28 31 
11 6 7 8 10 
4 5 7 
13 22 15 18 19 21 
3 5 
4 5 8 
4 5 7 
6 7 9 
7 8 10 11 13 
17 7 8 9 10 
6 7 9 
3 16 20 21 23 
7 10 11 12 13 
16 3 4 6 7 8 
3 5 
3 6 7 8 
3 8 6 
4 5 6 
8 9 11 
4 9 11 16 
4 5 
15 41 44 45 48 
5 6 9 
11 15 17 18 19 
9 10 13 
4 8 17 20 21 23 
8 11 12 15 
7 9 12 14 15 18 
2 6 8 9 12 
24 2 3 5 6 7 
7 8 9 11 12 14 
3 5 10 11 16 
2 6 7 8 
5 6 9 
2 5 13 16 17 19 
5 6 7 9 
2 6 7 9 
7 10 9 
3 6 8 9 11 
15 6 9 
2 5 8 
3 4 7 
9 11 16 17 18 19 21 
4 5 8 9 11 
4 6 
6 7 10 11 12 16 
15 2 4 7 
12 14 
2 6 8 9 11 
3 4 
10 5 6 7 
4 7 10 
8 9 
15 5 6 7 
4 5 9 
7 11 12 13 14 
2 4 5 7 
4 7 
4 5 7 
4 5 7 
4 5 9 8 
7 8 9 10 14 
3 4 6 
8 10 11 13 
11 12 14 
4 8 9 11 
5 6 11 
4 5 6 
7 3 4 6 
3 7 11 
6 7 9 
6 8 15 21 24 25 30 
10 2 3 4 6 8 
3 7 10 
11 14 17 
11 12 14 15 18 
3 7 9 
9 10 13 
6 7 8 12 17 
2 4 6 7 8 
8 2 3 7 
6 2 3 5 
14 2 8 9 10 12 
8 9 11 
9 13 18 
17 18 19 20 22 24 27 30 
6 9 14 
5 6 8 
13 1 3 4 5 7 8 11 
6 2 3 5 
10 2 3 7 
5 6 7 
3 4 6 
3 4 9 10 11 13 
12 5 
3 6 
12 2 4 5 7 9 
5 9 11 13 16 18 19 20 
8 9 12 
6 13 14 17 19 21 22 24 
2 13 14 16 
8 2 3 4 6 
4 10 12 13 14 16 
7 9 10 12 
4 6 10 
2 5 6 10 12 20 14 
7 8 11 
3 5 
11 12 15 
17 30 31 34 
6 7 9 11 13 14 15 
6 10 11 13 
4 5 8 
24 26 28 29 30 32 33 34 
3 4 7 
7 8 11 20 22 27 28 29 
3 4 6 7 11 
5 15 16 19 20 22 
11 13 14 15 17 
2 5 8 
5 6 
7 8 11 
11 14 15 21 18 
5 7 9 
4 14 9 10 13 
6 10 12 
4 30 35 38 39 40 
12 12 
8 8 
6 8 9 
4 5 6 
4 5 8 
3 5 6 7 9 
4 6 7 
18 4 7 13 14 16 
4 7 9 
5 8 11 
10 2 3 6 
4 5 8 9 10 13 
4 6 8 
4 5 7 
4 5 7 
2 14 15 
8 2 3 4 
4 5 7 
5 6 8 
5 12 13 16 
4 5 10 13 15 17 
6 24 19 20 22 
5 6 8 
6 7 8 
11 3 4 7 
3 4 7 
6 7 9 10 11 
6 13 15 16 18 
10 12 15 18 20 
3 10 13 
4 7 8 12 13 14 16 17 19 
17 19 20 28 23 
14 5 7 10 
4 6 13 17 19 
16 2 3 5 6 9 10 13 
4 13 14 17 
4 6 
7 8 11 
2 4 5 
4 17 18 20 21 22 
12 12 
5 7 8 
2 17 8 9 11 12 14 
2 15 21 23 24 26 
4 7 8 10 
10 11 14 
2 4 6 8 
21 25 31 27 28 30 
7 8 10 11 12 
4 9 
9 11 13 16 
6 7 8 
2 9 6 
3 5 6 7 
10 11 15 
4 8 12 14 
3 4 7 
5 6 8 10 
14 17 19 
15 20 21 23 24 25 27 28 32 
3 12 13 18 17 
3 7 
10 2 3 5 
8 9 12 
4 9 11 
6 10 
9 4 5 7 
7 17 20 23 
3 9 10 12 13 15 
14 16 19 
3 6 8 9 13 
5 7 12 15 16 19 
4 6 
4 17 11 15 
9 12 13 
3 6 9 
5 6 9 
9 12 
3 12 5 6 8 9 11 
4 5 7 
11 13 
3 5 
9 3 4 8 
4 6 8 
8 9 12 
7 8 18 
6 8 12 
16 22 25 
3 4 
13 4 5 7 10 
12 4 5 6 8 10 
9 10 12 
17 3 
18 2 4 5 8 
4 5 6 7 9 10 11 
11 5 6 9 
22 5 15 16 20 17 
5 6 11 
3 4 7 8 9 10 12 
7 1 2 4 
5 6 7 
4 6 7 10 
3 4 5 
5 6 8 
7 11 
3 4 6 
2 14 15 17 18 20 
16 1 6 8 
4 8 9 11 
3 4 7 
15 4 
29 5 
4 6 9 
20 2 10 11 16 
3 11 17 13 14 16 
22 16 17 19 
2 3 5 6 8 
5 6 8 
6 7 11 12 16 
2 6 9 
2 9 10 12 15 18 19 21 
6 8 10 
4 18 15 16 17 
10 12 13 14 17 
11 1 3 4 6 
4 5 7 
5 6 9 12 
2 3 5 6 7 14 17 19 
20 9 
3 5 
3 6 
4 7 9 13 14 21 
5 6 9 
3 6 9 
5 2 3 4 
6 7 10 
5 6 7 
14 2 3 4 6 
2 5 
9 10 12 13 15 
17 5 6 10 15 
3 10 
5 7 9 
3 12 5 6 8 
6 7 8 9 11 13 15 
19 20 22 23 25 
7 8 10 
3 5 
6 7 8 
7 3 5 6 
4 5 8 
9 12 15 
2 4 5 7 8 10 11 12 
3 4 6 
8 11 13 14 16 17 19 
3 5 6 9 
9 10 13 
5 6 9 
6 10 12 13 16 
12 1 6 3 4 5 
2 3 4 7 10 
5 8 10 
5 2 3 4 
3 4 7 9 11 19 22 
12 17 19 
3 4 5 7 8 10 
3 6 9 
11 12 14 
12 13 17 
16 2 3 4 5 7 9 11 13 
5 6 7 
2 4 6 7 9 
5 8 
3 5 6 8 
4 7 
5 7 10 
15 5 6 8 9 10 
3 5 9 13 24 25 27 
3 4 5 8 10 11 13 
7 2 
9 8 
7 8 11 12 15 
4 5 6 10 
3 4 7 6 
4 6 
19 2 6 7 9 
6 7 9 
4 6 10 13 
7 8 12 
7 13 15 16 18 19 20 22 24 
9 14 
4 5 7 
2 4 9 10 13 14 
5 14 7 8 10 11 13 
5 2 3 4 
6 8 24 25 28 
5 6 11 
4 6 7 9 
2 4 13 14 16 
5 9 
6 7 12 
6 9 
9 10 13 
6 3 
6 2 3 4 
4 5 6 
6 14 18 22 
4 5 7 
24 2 3 5 6 7 9 
4 6 7 12 
5 18 20 23 24 25 
3 8 9 11 12 
9 10 12 
14 17 18 21 
3 5 6 8 10 12 13 14 16 17 19 20 22 
11 8 9 10 
3 12 14 
7 2 3 5 
2 12 17 18 23 
6 7 11 
13 3 6 
3 5 6 
10 11 12 17 19 21 22 
7 3 4 6 
3 4 5 6 8 
3 6 
10 11 
4 5 8 
3 10 11 13 14 16 
21 6 8 10 11 13 
4 6 8 
4 6 8 9 13 
5 6 7 8 11 12 14 
12 5 6 8 
2 3 6 
6 2 3 4 
6 8 9 11 
5 11 7 8 10 
5 6 10 
27 13 15 16 19 20 23 24 26 
4 5 7 
3 4 6 
4 6 9 
12 4 6 8 
1 18 14 15 17 
16 20 22 
4 5 7 8 9 
6 10 12 14 
6 8 10 
26 26 
8 11 13 15 16 17 
5 6 8 9 11 
5 8 10 11 16 17 19 
4 5 8 
15 16 19 21 24 
6 7 9 
5 6 7 8 
2 3 6 
8 9 11 
3 7 9 10 11 14 12 
15 3 4 7 
5 10 12 17 18 19 22 
5 7 9 
3 5 6 8 
5 6 7 
9 1 6 
12 13 15 25 26 28 
19 21 22 24 
8 2 3 5 6 7 
3 8 10 11 15 
8 4 5 7 
4 6 9 12 
4 5 9 
11 4 
4 12 
4 5 9 
7 20 21 25 
2 4 5 6 
2 4 5 7 
3 7 10 
8 9 12 13 14 
8 9 13 
5 6 9 
10 8 
9 13 15 
3 5 6 8 
42 1 4 11 
9 11 13 
4 5 6 9 10 11 
15 18 21 
3 4 6 
5 6 10 
4 5 8 
4 6 
15 3 4 7 
5 1 2 3 
4 8 9 10 
16 2 3 5 
6 8 11 13 18 21 
3 4 6 
5 6 8 9 12 
3 5 
4 5 6 
3 5 9 
3 8 10 
3 7 
13 14 
6 13 14 15 18 
3 5 11 12 14 
5 6 8 
12 2 3 5 
8 10 12 17 
4 7 
19 3 6 8 16 
4 13 
7 10 11 12 19 21 23 25 
6 7 9 
7 7 
8 10 12 
5 7 10 11 12 13 15 
12 2 4 6 9 
5 7 
7 15 16 17 
16 10 11 12 
5 2 3 4 
5 6 8 
7 13 15 17 18 
4 5 7 15 
5 6 8 11 12 16 13 
4 7 8 9 10 
8 10 11 13 
9 10 13 
3 4 5 8 10 11 20 21 24 25 26 
2 5 7 
4 11 20 23 
12 13 15 
2 12 14 20 22 24 
3 5 7 9 11 
2 5 6 8 
4 7 10 
11 13 14 17 
4 5 8 9 11 
6 8 9 10 12 
4 5 6 
3 7 
4 6 
2 4 10 11 12 14 
6 12 14 16 
2 7 9 
13 3 7 11 
3 6 8 11 9 
6 2 3 5 
3 5 6 
4 5 8 
14 16 
4 2 
2 11 13 15 
3 8 9 11 
3 12 15 
24 27 29 30 32 33 35 
3 10 9 
5 6 8 
6 7 9 
2 4 5 9 
2 5 8 
3 5 9 10 
4 6 8 10 13 14 
7 8 10 
8 9 12 
4 9 10 11 
2 7 8 10 11 14 
5 19 20 22 
10 14 
9 11 13 14 16 
9 3 4 7 
3 7 
3 4 
5 11 12 14 15 17 
2 5 
12 14 16 
5 7 10 12 22 21 
5 6 9 
3 4 6 
4 5 9 
11 3 4 6 7 10 
5 6 7 
5 6 9 
3 7 9 
5 7 
6 8 10 
11 2 5 6 9 
4 7 
7 8 9 13 
20 9 10 12 14 15 16 
3 5 7 8 11 
12 13 17 18 21 
5 6 8 
7 9 10 12 
7 8 9 
4 9 12 13 16 
35 13 14 15 17 
6 2 3 5 
5 9 
4 8 12 15 17 18 19 
5 7 10 14 16 17 19 
5 6 8 
6 7 10 
4 5 7 
17 1 3 6 9 10 11 
3 5 7 
12 14 19 20 23 
4 5 8 
4 5 8 
2 10 12 
4 5 7 11 
2 11 14 16 17 20 
2 10 9 6 
3 7 
25 15 16 18 
3 5 
2 3 
2 6 8 
4 5 6 
2 10 12 
3 4 6 
6 8 11 12 14 15 17 
4 5 6 
7 8 11 
7 2 3 5 
9 5 6 8 
4 5 7 
3 5 
7 3 4 6 
3 4 6 
7 2 3 5 
3 5 6 
4 5 8 9 11 
3 10 12 
3 6 7 11 
5 7 9 
2 8 10 12 
4 5 8 
2 8 12 16 
4 5 6 8 9 11 
12 1 2 3 4 5 
3 12 15 17 18 19 
4 6 
8 11 14 23 18 19 21 
2 5 7 9 10 
4 7 12 9 
4 8 10 
4 8 10 
4 5 7 
9 5 
3 5 7 
4 7 
14 16 17 19 
4 6 
4 5 6 7 9 
10 12 15 16 17 
9 17 19 
3 8 15 
3 8 9 
4 5 9 
12 2 3 4 6 7 9 
6 7 10 
6 8 9 12 16 17 19 
10 12 13 14 17 
3 5 8 
5 7 13 14 18 19 21 22 
2 14 17 19 
6 7 10 
2 3 4 6 8 9 11 
4 5 9 
10 16 
4 10 14 15 16 
11 15 12 
4 5 7 
3 5 
4 2 
9 12 14 
3 4 6 7 8 
5 4 
4 10 12 
10 2 3 5 6 7 9 
10 3 4 6 
3 6 
3 6 8 9 11 
6 9 10 11 
5 6 9 
5 6 11 
10 35 36 38 
5 10 12 
6 7 9 
3 15 10 11 14 
2 7 9 10 11 13 15 
12 1 4 6 
6 7 10 
3 8 10 11 13 
9 12 13 
4 5 8 
5 14 10 
11 12 15 
7 8 11 
2 6 8 
4 7 8 
8 2 3 6 
4 5 8 
5 6 8 
2 4 8 10 
8 9 11 
10 3 4 5 8 
3 6 8 
5 9 12 13 15 
16 2 3 4 7 
3 9 10 12 
8 9 11 12 16 13 
6 10 8 
9 2 3 5 
4 8 10 11 12 13 15 
5 8 7 
8 9 12 
2 6 27 36 38 39 43 47 48 50 51 52 
2 4 5 7 
7 8 13 16 
3 5 10 11 13 14 18 
6 9 10 13 
8 9 11 13 14 17 
12 2 3 4 5 8 
3 7 10 
2 7 9 11 12 16 
5 22 14 15 16 19 
9 10 11 
7 3 4 6 
3 4 7 6 
3 4 8 
2 5 7 
4 7 8 10 
6 9 10 12 13 
15 23 26 
7 9 13 14 16 
11 13 
15 4 8 13 
3 4 6 7 8 
7 6 
2 7 8 10 
4 8 9 11 
3 5 7 
12 3 5 7 8 10 
2 5 6 
3 7 10 
3 21 24 26 27 28 
15 1 2 6 9 
4 5 8 
3 7 9 
6 7 9 
5 7 9 10 14 
4 5 6 
6 7 12 
4 2 
6 8 9 11 
5 7 15 16 
6 7 10 11 12 
4 5 8 
8 14 17 19 20 22 
4 8 9 11 
2 3 4 5 
9 10 12 
9 10 12 
9 10 13 
7 8 10 
2 14 3 
3 6 
14 2 3 7 
14 1 2 3 5 
4 6 
12 15 
5 11 12 15 
2 4 5 6 8 
12 6 7 8 11 
7 8 10 
11 4 5 7 
4 7 14 8 9 13 12 
5 3 2 
6 7 10 
8 1 3 5 6 7 
3 4 7 
2 4 8 13 14 15 20 18 
4 5 7 
3 8 10 13 
4 6 7 10 
6 7 9 
3 5 
6 9 13 
15 16 18 19 21 
7 10 
6 8 10 15 
3 5 
4 9 10 
22 12 18 19 21 
4 5 7 
4 11 12 13 14 15 16 18 
3 4 5 7 9 13 14 
6 8 9 10 11 14 16 
6 2 3 5 
4 5 7 8 10 
3 4 
5 6 8 
8 8 
6 9 11 14 15 22 25 27 
4 13 14 
6 10 18 20 
4 6 
2 3 5 
4 5 
10 13 
9 10 13 
10 2 3 4 6 
9 9 
4 7 
4 6 7 9 
3 7 10 
2 3 5 6 8 
2 5 6 8 9 10 12 
5 6 10 
11 11 
3 7 11 
6 8 
4 5 7 
4 5 6 7 8 
2 5 6 9 
3 4 5 
7 20 23 24 25 
5 6 8 10 11 
4 7 
12 3 4 6 
7 9 11 13 15 
3 6 
6 9 
4 5 7 
5 6 7 8 11 12 
5 6 9 
3 6 8 9 
5 6 10 
3 5 
8 11 
4 6 
4 5 8 
14 4 
4 7 
6 1 2 3 5 
10 11 13 
3 4 7 
6 7 10 
6 17 18 
9 11 13 14 15 17 
12 14 
4 5 7 
8 10 
6 7 8 
12 2 4 5 
16 2 7 10 9 
6 14 16 17 19 
16 19 23 25 
22 3 
7 9 
3 8 10 11 14 16 
3 4 6 
5 6 9 11 12 
1 10 13 14 18 19 
2 3 6 
8 20 21 22 
7 10 
5 8 
8 1 2 3 6 
21 1 3 4 5 6 10 11 12 16 
2 7 8 
4 9 11 
14 18 20 
13 4 
3 7 9 
4 5 6 
2 6 
2 9 17 13 14 16 
6 17 21 
18 20 
13 23 26 28 
5 6 9 
4 12 15 
6 7 9 
4 6 8 
4 9 
5 7 8 11 
5 6 8 
2 5 
3 5 
3 8 
7 8 10 
3 6 
3 7 
10 3 7 
5 9 
3 5 
5 10 15 17 
2 5 8 12 
3 6 
5 9 12 
2 3 8 9 
8 2 3 5 
8 9 10 12 
5 9 
3 6 7 8 
3 4 8 5 
10 12 13 
3 7 
8 9 10 
4 5 9 
6 15 18 20 
7 9 10 11 
5 6 8 
9 12 14 
10 13 
3 5 
3 6 
4 5 
2 3 10 11 
2 6 8 
11 3 4 6 10 
3 4 6 
2 5 8 
13 16 19 22 24 26 27 30 
2 6 8 9 12 
3 5 
8 4 5 7 
3 6 
6 8 10 11 
3 5 
3 6 
3 6 
3 5 
4 8 
6 7 10 
12 13 14 
4 5 6 8 9 10 11 12 14 
5 7 9 
6 7 8 10 11 12 14 
5 6 8 
4 2 
4 6 8 
3 5 
4 7 
6 8 15 17 18 19 
3 6 
3 15 16 18 
2 3 5 
6 8 11 
3 4 5 
3 5 7 12 14 16 
6 13 14 17 18 19 
3 4 5 
11 2 3 5 6 8 
2 4 6 9 
15 5 7 
6 7 8 9 11 
5 10 13 17 20 21 23 25 28 29 30 
4 7 
29 4 7 9 
14 4 5 6 8 
4 6 7 
2 6 8 
3 4 6 7 10 
10 2 3 4 
3 5 
4 7 
5 6 
7 9 10 
9 3 4 8 
14 28 16 21 22 23 
14 2 3 5 
5 7 9 12 
2 12 16 
2 4 5 7 8 9 11 
12 17 18 20 
11 10 
3 5 
3 8 9 12 
13 20 21 24 
2 4 6 8 10 13 14 16 
4 5 8 
3 2 
3 5 
15 3 6 7 9 11 13 
14 3 4 6 
2 14 17 18 19 21 
17 18 20 
3 4 
4 7 
12 11 
4 19 6 
11 13 
11 12 14 15 16 
3 4 9 10 11 
4 5 
8 10 16 19 
3 6 
8 12 13 14 18 
5 6 7 9 11 14 15 17 
10 13 14 16 17 19 
5 1 2 4 
2 4 7 8 9 10 11 
3 5 
9 10 14 
3 4 5 7 
3 10 12 13 15 16 18 19 21 
4 6 
6 4 
6 8 
3 6 
4 7 9 10 13 
9 2 3 6 
13 8 
9 33 34 36 
5 6 7 
6 8 10 15 16 17 21 
4 5 8 
9 3 6 7 8 
3 7 
10 3 4 5 8 7 
4 5 8 
4 9 6 
7 9 12 15 16 20 
7 9 15 
8 9 12 
5 6 8 13 15 
4 6 7 9 
8 2 
7 9 10 16 17 
5 12 13 15 
15 3 4 5 
5 6 10 7 
2 5 8 
3 7 12 14 15 16 18 
8 11 12 14 15 17 18 19 21 
6 8 12 14 15 
3 4 6 
2 4 6 10 13 15 
3 6 
3 5 
3 10 13 
8 10 12 13 
2 3 6 8 
5 16 17 
4 6 
3 4 7 
2 9 11 13 
4 5 7 
3 6 7 
2 4 8 9 13 
2 12 14 17 
4 5 7 
13 2 3 5 6 9 7 
4 10 11 
2 10 16 18 
3 12 5 
3 7 
6 7 9 
6 9 
4 2 
2 7 4 
8 9 12 
6 7 9 11 15 16 18 
8 9 11 
8 9 11 
4 5 6 
16 13 
3 5 
15 18 17 
5 6 
3 11 12 
4 6 
2 4 7 8 10 
5 6 8 
11 20 24 22 
3 7 14 16 18 20 
3 10 14 16 18 22 24 25 27 29 32 
3 5 8 10 
12 15 16 18 
4 6 7 
4 5 7 
3 6 
6 8 13 15 
6 8 12 
13 5 4 
10 13 
6 8 
8 12 13 16 
4 10 
3 5 8 
29 45 48 
7 11 
3 5 7 18 21 22 
9 12 13 26 16 
4 6 8 
8 12 
3 6 
3 7 9 13 15 16 18 
5 6 12 
4 5 7 
3 7 
5 6 7 
3 7 
3 4 
7 2 3 5 
4 5 6 9 11 
4 7 9 
7 8 11 
3 5 
9 13 
3 11 12 
3 5 
6 7 8 
5 7 
3 5 
3 7 
23 26 
6 7 9 
11 12 13 
4 13 
3 5 
3 4 7 
3 15 18 19 20 26 27 28 30 32 33 34 
8 12 14 17 
12 16 18 19 21 
5 6 9 
4 6 7 8 
5 8 
4 6 11 13 17 18 19 21 
11 12 14 
4 5 6 8 
4 6 9 
3 19 5 
3 5 
5 8 9 11 12 14 
4 5 7 
3 4 6 12 13 14 
3 4 5 
4 2 
12 1 3 4 5 9 
5 6 8 11 12 
7 9 10 
4 3 
16 7 9 10 15 
2 7 8 12 
2 5 
1 4 5 8 
3 5 
8 10 13 
9 15 
6 7 9 10 14 
4 5 7 
2 4 5 7 
7 13 14 18 
9 23 25 
7 1 2 3 
8 11 13 15 16 19 
11 14 15 17 19 21 23 
3 4 5 7 
14 15 16 
3 5 
11 15 
14 5 9 
4 5 6 
4 5 6 
5 5 
3 13 5 
2 5 6 
3 5 9 
3 4 6 
3 4 
5 12 13 15 
10 12 
3 5 
5 6 8 
4 5 7 
2 14 17 20 
3 6 
3 5 7 6 
3 5 7 11 
7 1 3 4 
3 5 
4 5 6 7 8 
2 7 8 
7 17 20 21 
3 9 10 11 
3 8 10 13 14 16 
13 12 
4 6 21 25 
3 6 5 
4 7 
3 7 
2 5 7 
11 5 7 
4 3 
5 8 9 
4 3 
3 5 
10 12 
3 4 6 
16 1 2 4 5 7 8 10 
8 2 3 5 
8 2 3 6 
4 6 8 10 12 15 16 17 21 
3 4 
7 1 3 4 
3 7 10 
3 5 
7 9 
2 4 10 12 15 19 21 23 
3 7 
5 10 12 
4 5 8 
3 10 11 12 13 15 
1 4 6 
1 14 
3 6 9 
23 24 26 
3 4 5 12 14 
3 6 7 8 10 
4 15 17 
2 3 4 
10 18 20 
29 2 4 7 10 
2 5 8 
6 15 20 21 23 
4 5 6 
13 1 2 7 9 
5 6 9 
2 4 6 9 
10 11 13 
3 4 7 
4 7 
17 2 3 8 
3 5 
4 5 10 
6 8 
7 2 3 6 
4 5 7 
18 20 21 23 24 26 32 33 35 
4 6 7 9 
3 4 6 8 10 
2 5 8 
8 9 13 
6 8 
2 10 13 15 
7 2 3 5 
6 8 11 12 14 
2 6 8 
4 12 14 15 19 
15 18 
3 4 6 
7 9 11 14 
7 8 9 10 11 14 
5 6 7 8 9 11 
3 6 
3 6 10 12 13 15 
16 3 6 
3 6 
3 5 8 
3 5 
2 3 
5 8 10 11 
5 6 11 8 
3 7 8 
5 6 8 
4 7 9 11 
16 19 20 21 23 24 26 
4 5 6 8 12 
12 18 20 22 
9 10 
3 6 
3 4 6 
3 7 9 10 13 12 
4 9 11 14 
3 6 10 11 12 15 16 
8 3 
3 4 8 
8 11 
4 5 7 
6 2 
4 5 7 
4 7 15 16 
9 22 27 28 30 
3 6 
7 10 
3 7 9 
4 5 7 
4 8 
4 6 
11 13 14 15 16 
13 13 
9 16 19 
3 12 13 15 
2 4 5 8 
3 4 
9 16 18 19 22 
2 9 12 11 
5 6 9 16 19 
4 9 10 
4 6 
3 5 
4 5 7 
4 5 6 
9 11 
21 4 8 10 
9 2 3 5 
6 8 10 11 13 
2 5 7 
3 6 9 
3 5 6 10 
10 13 
4 9 11 26 28 
5 10 12 13 16 
8 15 18 
3 6 
3 7 9 12 
4 8 11 
1 5 
4 3 
13 4 6 8 
4 5 7 
2 5 8 
8 8 
14 28 16 21 
3 5 6 7 11 15 13 
5 6 7 9 
2 3 4 6 7 9 
3 4 6 
4 6 
6 10 11 12 14 15 
6 2 4 5 
26 3 4 5 13 14 16 
4 5 8 
7 13 15 16 18 
7 6 
4 9 11 
5 5 
4 5 7 
9 1 5 7 
3 4 6 7 9 10 12 17 18 19 24 
3 4 6 
8 11 
5 6 7 8 9 12 
9 12 
14 22 25 
8 2 3 5 
13 4 5 7 
10 2 3 4 8 
8 2 3 5 6 7 
5 19 23 24 27 
2 8 11 
20 8 10 
8 9 11 
3 5 
5 9 10 16 18 
3 4 
5 6 7 8 
3 5 
6 1 2 4 
5 6 7 9 
3 5 
3 7 8 
15 3 
8 11 
8 13 17 18 21 
5 6 7 12 14 
4 5 8 9 12 13 15 
3 6 
2 8 10 
3 5 
4 5 9 
9 1 3 8 
5 10 9 
2 7 8 12 15 
2 9 12 14 
19 5 7 
3 5 
2 5 7 8 9 12 
7 9 
23 2 4 6 7 9 
7 16 10 12 15 14 
4 8 
4 6 8 9 11 12 14 
5 24 26 27 29 
9 10 13 
3 5 
3 5 
3 4 7 
8 12 16 17 20 21 
4 5 7 
3 5 
3 4 6 7 11 
4 5 7 
3 5 7 8 10 
3 5 
2 5 7 9 10 
4 5 7 
17 18 21 
3 6 
8 10 
3 41 17 19 24 26 
5 8 9 
3 5 
9 12 
4 6 
6 8 11 
7 8 11 
10 11 
9 2 3 5 
8 10 
10 2 5 8 7 
19 1 3 7 8 11 
3 5 
7 10 12 
3 10 12 13 14 17 
9 10 12 
21 2 5 17 19 
4 5 7 
3 4 
3 4 
2 4 7 
7 8 9 11 
2 3 5 
13 1 4 6 
3 5 
3 17 21 
4 5 8 
4 5 10 
13 5 6 8 
5 6 9 
9 4 6 
5 6 7 8 
3 5 7 8 
2 8 10 
6 10 12 13 15 
3 12 
4 5 10 
7 8 10 16 17 20 
7 3 
8 9 11 
5 6 9 
11 12 14 
5 8 9 10 12 
11 12 13 
18 20 
2 4 21 22 23 
4 8 13 15 
3 5 6 8 12 14 
6 8 
4 8 9 10 
28 2 3 7 8 9 
5 6 8 
2 3 6 
9 4 
3 5 9 20 21 22 
3 4 
11 12 15 
6 10 
4 8 10 
10 10 
14 3 5 7 
3 5 
9 1 2 4 
11 4 5 8 
8 1 3 6 
3 4 6 
4 5 8 
13 17 
6 7 8 10 11 12 
3 5 
6 10 12 22 25 27 30 32 
6 2 3 5 
5 9 11 
5 5 
4 5 7 
8 11 13 
4 5 6 8 9 11 16 14 
18 4 5 8 
5 6 7 
4 5 6 
3 4 6 7 10 
5 3 
6 7 8 
4 7 8 10 11 13 
15 16 18 19 20 22 
7 2 3 5 
4 6 11 13 14 16 
9 14 16 18 
4 21 15 16 18 
6 8 
11 12 14 
16 17 18 21 
3 9 8 
2 4 5 6 8 
5 1 2 4 
5 8 10 11 15 
14 4 6 
2 5 7 
5 6 
6 26 32 33 35 
4 2 
4 5 6 10 
3 6 5 
3 6 8 
3 4 
3 4 5 6 8 13 
3 6 
7 38 41 45 
4 6 
4 6 8 10 16 24 25 
8 2 6 
4 5 10 
8 9 12 
2 5 8 10 13 14 
2 7 11 10 
5 6 8 9 11 
16 18 
4 5 7 
9 4 6 
4 9 8 
4 5 6 7 8 16 
14 1 2 3 4 5 8 
16 16 
4 8 13 10 
2 7 8 10 
6 13 14 
2 5 6 9 
19 10 11 14 15 17 
2 6 9 11 
11 4 5 7 
13 1 2 3 5 6 9 
3 6 
3 6 
3 5 
7 8 9 10 11 
20 2 8 9 13 14 17 
4 6 15 27 
2 3 6 
9 3 4 6 
4 5 
3 6 
6 7 8 9 12 
2 6 9 14 21 19 
4 10 12 
2 12 14 
2 6 10 11 18 14 
5 1 2 4 
7 10 9 
5 3 
3 4 7 
3 4 6 
5 1 2 3 
6 7 
13 5 8 10 
16 20 
2 5 
7 8 9 11 
2 4 
7 8 10 
7 10 
9 16 17 18 22 
2 4 7 8 
4 14 16 18 
3 6 
3 5 
6 10 
13 1 2 4 
3 5 
3 8 
3 7 
3 2 
8 15 16 19 20 22 
5 6 8 
6 8 9 11 14 16 
5 9 11 
2 4 6 9 
7 8 9 
2 13 16 18 19 
5 8 9 10 11 13 
3 7 9 10 12 
7 21 23 
3 6 8 
7 9 
9 2 
3 4 
2 5 6 
2 4 5 7 8 10 
5 6 9 
6 7 9 
2 5 
5 7 8 9 10 13 25 28 
5 6 9 
4 5 7 8 12 
6 8 
4 7 
4 7 
4 10 11 12 
7 10 16 15 
5 18 
13 4 7 9 
10 15 17 18 
3 5 
2 3 5 7 6 
4 7 
3 4 7 
5 6 8 
2 7 8 
4 3 
10 2 4 8 6 
8 10 12 14 18 19 21 
9 10 14 
4 8 
13 1 3 4 5 6 7 10 
9 14 11 
4 6 8 
4 5 8 
3 4 6 
12 12 
6 17 19 
5 17 18 19 
8 3 4 7 
11 13 16 
3 4 6 
3 5 7 9 11 
3 6 
7 8 10 11 14 16 17 20 
3 5 
6 9 14 13 
4 7 9 10 
3 7 
3 8 
4 1 2 3 
5 3 
9 13 
2 9 10 12 13 15 
4 7 9 
3 4 5 6 9 
24 20 
3 4 6 
5 6 7 
6 2 3 5 
5 13 17 18 
3 5 
3 4 
9 11 
17 21 25 
3 6 
21 10 13 14 15 
3 4 9 11 
1 4 
4 6 
9 10 11 
4 8 
4 5 7 
3 19 10 9 
3 4 7 12 15 
3 5 
3 5 6 
8 2 3 6 
7 9 11 
3 7 
3 5 6 
4 8 10 
17 18 19 
13 16 
3 5 
7 8 11 
3 4 7 
4 5 9 12 
13 5 6 7 
4 5 8 
6 10 12 
10 12 16 19 
3 6 
